5 0.8505539125 0.912236603125 0.8638140828124999 0.9192485843749999 0.869319990625 0.9092643484374999 0.8767521953124999 0.9050498078125001 0.8859051765625001 0.9116998374999999 0.8944769078125001 0.8986988609375001 0.8877011453125 0.8623108265624999 0.8717861828125001 0.848125834375 0.8539004406249999 0.8438714015625 0.82785859375 0.8520458859375 0.8198497328125001 0.8462271078124999 0.8037338515625001 0.8467546828125 0.7908448203125 0.8548708953125 0.762514728125 0.861382871875 0.6354158015625 0.88353829375 0.6229378031249999 0.8814647546875 0.61737821875 0.8879138640625 0.617177296875 0.9026264312500001 0.6225988265625 0.9336603968749999 0.63144813125 0.9575704328124999 0.6406547890625001 0.9677555906249999 0.649856853125 0.9683230578125 0.8351220390625 0.9298677484375 0.8460356921875001 0.9220644046875 0.8505539125 0.912236603125
5 0.615625275 0.80972545625 0.611889228125 0.8244916999999999 0.6214762171875 0.8690404328125 0.6271477484375 0.8792792671875 0.634271678125 0.8827070406249999 0.783931003125 0.8559659375 0.7953139593749999 0.8511256578124999 0.8030007609375 0.8357336765625 0.8254047234374999 0.8301603078124999 0.832313946875 0.8194475750000001 0.8200905468749999 0.8061965953125 0.8193037796875 0.7916404625 0.7901915140625 0.7932139968749999 0.7746430984375 0.7845395078124999 0.6314282890625 0.8072225046874999 0.6210330203125001 0.8119063484375 0.615625275 0.80972545625
5 0.605841959375 0.78950698125 0.6122956640624999 0.8046842562500001 0.6197324625 0.8100874062500001 0.7825446046875 0.78328803125 0.793869290625 0.7652949359375001 0.8218865140625 0.7568075828125 0.8269767953124999 0.7473954078125 0.81652325625 0.7389264343749999 0.8198973531249999 0.7282673796875 0.8162548734374999 0.721250803125 0.7879738625 0.7216802140625 0.7640546359375 0.7112941359375 0.61507013125 0.735903428125 0.603579821875 0.7336734546875 0.5997946921875 0.7545222625 0.605841959375 0.78950698125
5 0.794998165625 0.6253959515624999 0.60323019375 0.65475655 0.5964774046875 0.6664569703125001 0.5967457859375 0.684132603125 0.6050812999999999 0.7207798296875 0.6107528328125 0.7310186625 0.6178767609375 0.7344464359375 0.643918609375 0.726271953125 0.81328261875 0.7024847234375 0.834014884375 0.67996421875 0.865258959375 0.679065503125 0.8696299359375 0.6874853953125 0.8772139781250001 0.6746408515625 0.8672696343749999 0.6438169968749999 0.85463060625 0.631138078125 0.8395514937499999 0.6254266546875 0.81304034375 0.6306380734375 0.794998165625 0.6253959515624999
5 0.59962614375 0.5105448625 0.5839795640625 0.5140355015625 0.581798671875 0.519443246875 0.585186553125 0.5376372640625 0.5900759140625 0.54293765625 0.6114967828125 0.5471384125000001 0.7421845125 0.5284644390625 0.7523696703125 0.51925778125 0.754443209375 0.5067797828125 0.7499158 0.497372203125 0.7395159375 0.49243835625 0.59962614375 0.5105448625
5 0.5956753890625001 0.5111706 0.7722660859375 0.48826370781249995 0.784060075 0.4732336765625 0.7927928359374999 0.470838078125 0.8011007796875 0.44977915937499996 0.793552034375 0.42768806406250004 0.7779008593750001 0.4215610140625 0.7671344515625 0.4111166640625 0.7599077640624999 0.410236328125 0.582016509375 0.4313242796875 0.5738067296875 0.44021806874999997 0.5718451375 0.46938401093750004 0.5795549125 0.502080484375 0.5874610140625001 0.5104466999999999 0.5956753890625001 0.5111706
5 0.5346137343749999 0.23431418593750003 0.52936701875 0.24273867187499998 0.5291660968749999 0.2574512390625 0.53505693125 0.2914482703125 0.5379709140625 0.29706153125 0.54608253125 0.3003328703125 0.7816707421875 0.2599819671875 0.7916994640625 0.2497876203125 0.7955336749999999 0.2228562484375 0.791055346875 0.20736610312499998 0.777897934375 0.19780668437499999 0.5346137343749999 0.23431418593750003
5 0.51849325625 0.2252240703125 0.5268686625 0.23655335000000002 0.765889240625 0.19869620937500002 0.7764854296875 0.1792997984375 0.7752247640625 0.15216290937500002 0.7689811703125 0.1415084484375 0.7574908609375 0.13927847499999998 0.5214824296875 0.170583746875 0.515091590625 0.1781769796875 0.5146360718749999 0.2040669875 0.51849325625 0.2252240703125
5 0.7780712859375 0.125387971875 0.7760867203124999 0.10646545781250001 0.7653739875000001 0.099556234375 0.6710742921875 0.11145444374999999 0.6750879125 0.1335992140625 0.6732735640625 0.1445174625 0.6760311140625 0.1491430359375 0.752395984375 0.1390729578125 0.7719442359375 0.1410391453125 0.7780712859375 0.125387971875
5 0.5084323703125 0.1680945796875 0.5127496687499999 0.1729793453125 0.5366106234375 0.17021260625 0.6709362375000001 0.14893751875 0.6746186078124999 0.13063615 0.67112796875 0.11498957031249998 0.6627034828125 0.1097428546875 0.5111178625 0.1307142625 0.5057147125 0.13815106093750001 0.5061886109375 0.1507318171875 0.5084323703125 0.1680945796875
5 0.510961428125 0.129726575 0.749101671875 0.099096121875 0.7566366328125 0.0923341421875 0.7615168031249999 0.078399153125 0.7600997031250001 0.05027457656249999 0.7521936015625 0.0419083609375 0.7459546015625 0.040871590624999996 0.5066702359375 0.07067079062500001 0.5024112093750001 0.0789388421875 0.502943378125 0.104672415625 0.510961428125 0.129726575
5 0.4991549 0 0.49727957343750007 0.0017917984375 0.49406191093749996 0.0134385421875 0.49600199062500006 0.048061310937500004 0.501521684375 0.0669301484375 0.51243993125 0.0687444953125 0.70992851875 0.0435401671875 0.7206811421875 0.02513144375 0.7229601984375 0.0075585687499999995 0.7217630390625 0 0.4991549 0
5 0.435091759375 0.4146025015625 0.437370815625 0.3970296265625 0.42918714218750004 0.351752396875 0.42465973281249997 0.3423448171875 0.418679925 0.3397482984375 0.148777221875 0.374396965625 0.1381227609375 0.380640559375 0.1352179671875 0.3942626796875 0.13741264375 0.4177080078125 0.147097796875 0.45009161249999996 0.1551603328125 0.45944551562499997 0.16238702031250002 0.4603258515625 0.4274003640625 0.42037679062500005 0.435091759375 0.4146025015625
5 0.16435028125 0.2170232703125 0.144596515625 0.2201519609375 0.1405966796875 0.22686026250000002 0.1484138078125 0.26662698906250004 0.1582462046875 0.2807629 0.39082226875 0.246963865625 0.40153040625 0.2442553984375 0.404126925 0.23827559062499998 0.3990136703125 0.1995993109375 0.39563038281249996 0.1910229859375 0.3898070109375 0.1894141546875 0.16435028125 0.2170232703125
5 0.380532890625 0.146840796875 0.3686760359375 0.1391003203125 0.3501154734375 0.13697769843750002 0.1450873296875 0.159326315625 0.127308940625 0.1621421359375 0.125128046875 0.16754988125 0.1329451765625 0.20731660624999998 0.139917265625 0.21937438281250002 0.144596515625 0.2201519609375 0.3687526875 0.19072390156250002 0.38049759375000003 0.181776434375 0.388600021875 0.1658123921875 0.380532890625 0.146840796875
5 0.1445904578125 0.0986571046875 0.12779975625 0.101316490625 0.1237999203125 0.10802479218750001 0.133386909375 0.1525735265625 0.143111953125 0.159639184375 0.31294526718750004 0.13881502031249998 0.3654001015625 0.137594246875 0.38614155625 0.1343091234375 0.38873807656250003 0.1283293171875 0.384612509375 0.08949660312499999 0.3769119234375 0.0760355109375 0.1445904578125 0.0986571046875