5 0.4593337328125 0.0099695765625 0.399125475 0.008630921875 0.204906053125 0.0324780671875 0.2037378125 0.0597613953125 0.21605394531250002 0.077162915625 0.23252423906250003 0.085331721875 0.2597374953125 0.083224890625 0.266232146875 0.090696134375 0.282053659375 0.0938073671875 0.2964380953125 0.088798571875 0.325506965625 0.08882638281250001 0.454332240625 0.0958298390625 0.4660239828125 0.1006571734375 0.47289180937499997 0.0956239890625 0.4763971890625 0.0813337015625 0.4780957359375 0.049875554687500004 0.474851828125 0.0245876703125 0.46817229843749997 0.0125925109375 0.4593337328125 0.0099695765625
5 0.2832048734375 0.149022171875 0.2964034484375 0.1609719671875 0.44105023593750003 0.17108665625 0.45223271093750006 0.1688612859375 0.4570112609375 0.17220275937500001 0.46397323593750006 0.1586554015625 0.4646532453125 0.113091846875 0.46143031093750003 0.10183961562499999 0.45526004843749995 0.0968971609375 0.30342104375 0.08928686875 0.29124100625 0.0914424828125 0.2802887734375 0.104710815625 0.2572052875 0.10510154375 0.2480633078125 0.11398547343750001 0.25699260156250003 0.1296464984375 0.2544847859375 0.1440065421875 0.2832048734375 0.149022171875
5 0.29024390625 0.23472195 0.440945834375 0.2442576140625 0.45164001249999997 0.249015190625 0.46001809062500004 0.22955220625 0.46199566406250003 0.194103803125 0.4591215109375 0.177863753125 0.4530907625 0.17092616875 0.2884229359375 0.16041391562500001 0.2733409375 0.17539834999999998 0.24413255312499998 0.1773656671875 0.23705545625000002 0.1853915453125 0.24533596875 0.19599499375 0.2396505828125 0.20562185312499998 0.2416213203125 0.21327797343750002 0.26927408750000004 0.2192214109375 0.29024390625 0.23472195
5 0.1744952484375 0.27725133125 0.1839582015625 0.292448453125 0.19736604687499998 0.30140555625 0.2243700328125 0.3022914171875 0.2407705703125 0.3114577890625 0.43422823906249997 0.325988109375 0.4434399765625 0.316106615625 0.44715462500000003 0.2988236375 0.44727658281249993 0.2612405953125 0.44405364687500004 0.24998836406249997 0.4378833859375 0.245045909375 0.41067012968750005 0.24715274062499998 0.24029594687500003 0.23223169062500001 0.2150290359375 0.24951125156249998 0.18438357656249998 0.2433585453125 0.18201869375 0.23417119999999997 0.171739634375 0.2449805 0.1744952484375 0.27725133125
5 0.25843060625000003 0.424464971875 0.253603271875 0.43615671406249995 0.2558984 0.44634162499999996 0.264921840625 0.45348847656249996 0.40529934531249995 0.467314396875 0.421330128125 0.467432934375 0.424671603125 0.46265438437500006 0.4254633140625 0.444164571875 0.421891596875 0.43790016249999997 0.4019647078125 0.4289884234375 0.2704257671875 0.417785440625 0.25843060625000003 0.424464971875
5 0.41463692500000005 0.541646821875 0.42310915 0.5136696640625 0.42295208124999994 0.48007687656250003 0.41713060312500005 0.4701466015625 0.40928960312499996 0.467593421875 0.232071984375 0.45018895 0.217199253125 0.46218069218749996 0.20815142031249997 0.462550446875 0.1953191828125 0.48120074687500003 0.1977050390625 0.5044237453125 0.2115767890625 0.5139145093749999 0.21971778749999998 0.5265130859375 0.226561221875 0.528996509375 0.4046368921875 0.5484658671875 0.41463692500000005 0.541646821875
5 0.1594912359375 0.67818135 0.1496970546875 0.7035599640625 0.150576078125 0.7196605015624999 0.161245865625 0.7319346875 0.406507109375 0.7510899078125 0.41351445 0.7440615953124999 0.41701982812500005 0.72977130625 0.41892764531250004 0.6953204687500001 0.4173510546875 0.689195571875 0.4101832296875 0.6841833609375 0.17155615156249998 0.6705042546875 0.1594912359375 0.67818135
5 0.1679639265625 0.793553415625 0.40496563124999996 0.816140840625 0.41290077812500003 0.8101798484374999 0.4191686078125 0.78505586875 0.4201695890625 0.7635733640625 0.41455737968750006 0.750650396875 0.17314687812500001 0.733769328125 0.158459025 0.7502849875 0.1535829078125 0.7770099484374999 0.157269746875 0.7887958390625001 0.1679639265625 0.793553415625
5 0.2512012546875 0.807393471875 0.24955490937499997 0.8022661390625 0.172881990625 0.7948997624999999 0.1542770546875 0.78858656875 0.1447862921875 0.8024583171874999 0.1424633546875 0.8213422781249999 0.1513472828125 0.8304842593749999 0.2459065984375 0.8401038156249999 0.2469773375 0.817623746875 0.2512012546875 0.807393471875
5 0.2536778421875 0.8436545593749999 0.406095871875 0.8573199921875 0.41303345625 0.8512892437499999 0.4154017578125 0.838924328125 0.41712127656250003 0.821501834375 0.4140134640625 0.8157710859374999 0.3901416828125 0.8130993656250001 0.254472971875 0.8036124843750001 0.24676806718750002 0.8206164390625 0.246649528125 0.8366472203124999 0.2536778421875 0.8436545593749999
5 0.157067778125 0.8920332312499999 0.3969226640625 0.9168250546875001 0.4029324390625 0.909726984375 0.408202703125 0.884533246875 0.4060261140625 0.85831755625 0.1670990375 0.8345930546875 0.158236084375 0.8394867265625001 0.1503463 0.8519667640625 0.145400428125 0.8796892890624999 0.1512219078125 0.8896195640625001 0.157067778125 0.8920332312499999
5 0.192770815625 0.8975371546875 0.17815271875 0.9130552515625 0.17197903750000001 0.9296650578125 0.170723421875 0.947621209375 0.1753380671875 0.960474421875 0.186102003125 0.9642344328125001 0.383780171875 0.990086740625 0.39057824218750004 0.9860511203125 0.3963333828125 0.975426696875 0.4022314546875 0.9412548859375001 0.40109779687499997 0.921627996875 0.3908675234375 0.9174040781249999 0.192770815625 0.8975371546875
5 0.8326304 0.6280149625 0.826878675 0.617087121875 0.820035240625 0.6146037 0.5528275875 0.5939138359375 0.5440343890625 0.59780994375 0.5378607078125001 0.6144197499999999 0.535649475 0.660377453125 0.5379446015625 0.6705623625 0.5431870578125 0.6744374984375 0.8139664265625 0.7013917703125 0.8257523171875001 0.6977049328125 0.8316469718749999 0.6850853828125001 0.8347825953125 0.6617472609374999 0.8326304 0.6280149625
5 0.5345406734375 0.776583178125 0.53082260625 0.81541841875 0.5321899265625001 0.8245360078124999 0.5375021375 0.8274135796875 0.7633911234374999 0.8512288124999999 0.7833424046874999 0.8526239421874999 0.7887487656250001 0.8469873390625 0.79007755625 0.8064813609374999 0.78367705 0.79049594375 0.5494587671875 0.77111048125 0.53841580625 0.7713407234375 0.5345406734375 0.776583178125
5 0.7833424046874999 0.8526239421874999 0.55831146875 0.83087359375 0.544854840625 0.8369497078125001 0.5333689484375 0.8506819437500001 0.536961640625 0.8709820078125 0.5467733765625 0.881191309375 0.5643807453125 0.8874347453125001 0.7691813765625 0.91178021875 0.7871375296875 0.9130358359375 0.7904790046875 0.9082572859375 0.7918077953125 0.86775130625 0.787726809375 0.8544341921875 0.7833424046874999 0.8526239421874999
5 0.601011590625 0.8940059921874999 0.54962655625 0.88339570625 0.5286777093749999 0.8819308203125 0.5248025765625 0.887173275 0.52008694375 0.925938759375 0.524562078125 0.9407870984375 0.7560179125 0.9710062546874999 0.762834384375 0.9714829078125 0.7751014140625 0.96997670625 0.778382859375 0.9665555124999999 0.77906286875 0.92099195625 0.771176503125 0.9119197328125 0.601011590625 0.8940059921874999