5 0.9981721984374999 0.2788269375 0.9932408984375 0.26634966718749997 0.9847980812499999 0.259588096875 0.9948097015625 0.2484181625 0.9864540406250001 0.24066039843749998 0.9841627031250001 0.23242937187499998 0.9928295046875 0.2251570609375 0.9822884015625 0.2136947265625 0.9453420421875001 0.21146615781250003 0.9277282281250001 0.2234767171875 0.9192732171875001 0.23980193593750002 0.920904790625 0.267047815625 0.9133213359375001 0.2734110890625 0.90993445625 0.2891758921875 0.91469144375 0.303645553125 0.9141563171874999 0.3327095109375 0.9049056140625 0.4613929375 0.8998749671875 0.4729986515625 0.904787525 0.4799532734375 0.919014459375 0.48370751875 0.9504381703125 0.485954828125 0.9757788171874999 0.483152746875 0.9878887234375 0.476683578125 0.990665515625 0.46789213749999997 0.9981721984374999 0.2788269375
5 0.8298920640624999 0.44679954374999997 0.831921934375 0.45801915312499997 0.828497571875 0.46273865937499997 0.8419213640625 0.4699360078125 0.8874661109374999 0.47141110625 0.8987728765625 0.46838504218750004 0.9038222640625 0.4623019765625 0.9140813546875 0.310618915625 0.9121386375 0.2984031125 0.8990634703125 0.287220984375 0.8990756624999999 0.2641341953125 0.8903526375 0.2548385609375 0.874538159375 0.263493171875 0.8602240703125 0.2607351203125 0.85470796875 0.2893633 0.842529646875 0.3023513125 0.8298920640624999 0.44679954374999997
5 0.75179058125 0.4560276671875 0.771104384375 0.4647441453125 0.8065128734375 0.4673400765625 0.8228006109375 0.464749790625 0.8298423890625 0.4588410359375 0.8432268921875 0.2943817546875 0.8285079578125 0.2790405375 0.8270506953125001 0.24980226874999997 0.819149553125 0.24258617968750001 0.8084032046875 0.2506803734375 0.7988770374999999 0.2448278421875 0.7911876875 0.2466646609375 0.784762546875 0.2742094890625 0.7688983953124999 0.29490559375 0.756734071875 0.4454181484375 0.75179058125 0.4560276671875
5 0.7038458875 0.200878090625 0.7024888781249999 0.22786250312499998 0.693037671875 0.2441005671875 0.6751332624999999 0.4372751828125 0.6848524828125 0.446657971875 0.7020680015625 0.45067368593749996 0.7396431921875 0.4514515390625 0.75094995625 0.448425471875 0.75599934375 0.44234240937499997 0.7543677718749999 0.41509652812500003 0.7722599875 0.2450087015625 0.7554240265625001 0.21944407031250002 0.7621106328125 0.188910659375 0.771337853125 0.18670647499999998 0.7607095921875 0.176240334375 0.7283955828125 0.17843232343749998 0.7130356250000001 0.1876286109375 0.7038458875 0.200878090625
5 0.5579103640625 0.2568720453125 0.55060711875 0.2657693828125 0.53433338125 0.4058842109375 0.5339350828125 0.42191048281250004 0.5386545890625001 0.4253348453125 0.55712776875 0.4264491296875 0.5634535609375 0.422987284375 0.5727117125000001 0.4032189625 0.586208659375 0.27189557343750004 0.5797394921875 0.259785665625 0.568133778125 0.25475501875 0.5579103640625 0.2568720453125
5 0.5212647609375 0.4233115234375 0.5312951234375001 0.41766423750000004 0.53398475625 0.40986899218749995 0.554479453125 0.2329821140625 0.542749103125 0.21790236406250002 0.542537309375 0.2088494546875 0.5241138046875 0.1956936796875 0.5008527015625 0.197673875 0.49112129062500004 0.211377875 0.4783825515625 0.2192977578125 0.47578007187500004 0.22609680937499999 0.45320583125 0.4038055703125 0.45984931093750003 0.4139230875 0.4876743484375 0.42288229218750006 0.5212647609375 0.4233115234375
5 0.28647124218750003 0.14679569374999998 0.2740127125 0.15724964218749998 0.2505800109375 0.402139225 0.25748495781249997 0.409268159375 0.271711890625 0.4130224046875 0.3061241875 0.4155311796875 0.3122756671875 0.414061725 0.3174122109375 0.40698246562499996 0.3352538484375 0.168630465625 0.32778848437499997 0.156433403125 0.30258466875 0.146197796875 0.28647124218750003 0.14679569374999998
5 0.191387484375 0.407500659375 0.2163982484375 0.41420600625 0.2378600140625 0.415581759375 0.250878959375 0.41019593906249996 0.2719706484375 0.169116821875 0.25571384375 0.15414296875 0.22907805468750003 0.1488011796875 0.2172296140625 0.1522817640625 0.21228612343750003 0.1628912828125 0.1855658875 0.3994626859375 0.191387484375 0.407500659375
5 0.2108541484375 0.16778510156249998 0.21749108125 0.1492931796875 0.2037870828125 0.1395617671875 0.1849465390625 0.1369096125 0.175650903125 0.14563263906249999 0.164382525 0.2400096671875 0.18684048281250001 0.2414725734375 0.19699548281249998 0.2458743921875 0.20215076875000001 0.24431778125 0.2108541484375 0.16778510156249998
5 0.150282034375 0.4069158578125 0.1626037359375 0.40949959687500004 0.1799935640625 0.41152291874999997 0.1857776796875 0.40851559374999996 0.1888656125 0.3846940765625 0.20071879374999999 0.2492115984375 0.1838519 0.24121110781250002 0.167825628125 0.2408128109375 0.1606966953125 0.2477177578125 0.14437328124999999 0.3998740796875 0.150282034375 0.4069158578125
5 0.0920294828125 0.3957965 0.11712740156250001 0.4015056546875 0.1433770875 0.399786925 0.1712678296875 0.16131028593750002 0.16652958125 0.152363275 0.154189140625 0.14425688750000001 0.12655715625 0.1388279421875 0.11652679375 0.144475228125 0.1140114703125 0.1502780859375 0.0850373796875 0.3896637625 0.0920294828125 0.3957965
5 0.0761251375 0.1645303078125 0.068501471875 0.1638633234375 0.0146476890625 0.3798590484375 0.01593258125 0.3821121453125 0.026454943749999998 0.3880518328125 0.06051861562500001 0.3945453875 0.080162303125 0.3937544375 0.08456411875 0.3835994390625 0.10788527968749999 0.185879628125 0.0926246703125 0.1709929296875 0.0761251375 0.1645303078125
5 0.379828371875 0.8179863859375001 0.4051784984375 0.5511805187500001 0.401436446875 0.5423206640625 0.384936915625 0.5358580421875 0.339024803125 0.532845071875 0.3288013890625 0.5349620984375 0.3248353515625 0.5401361265625 0.2931594328125 0.8104038359375 0.2966400171875 0.8222522765625 0.30915476875 0.8283662749999999 0.3324346109375 0.831908728125 0.36619933437499996 0.8303455671875 0.377225890625 0.8247854374999999 0.379828371875 0.8179863859375001
5 0.174951628125 0.5265210890625001 0.171981784375 0.5317822703124999 0.144227871875 0.7572212203124999 0.142484759375 0.7771451140625001 0.148026146875 0.782649021875 0.1885027671875 0.7846845390625 0.20459745312500002 0.7785639921875 0.2280676359375 0.5447197046875 0.22803015468750001 0.5336744078125 0.22285612812500002 0.5297083703125 0.184091690625 0.5253131 0.174951628125 0.5265210890625001
5 0.1623187859375 0.5389674265625 0.1487890984375 0.5272436234375 0.128429425 0.53048148125 0.118050440625 0.540113546875 0.1115006640625 0.557609271875 0.083584634375 0.7619538234375 0.08201583125 0.7798853265625 0.0867353375 0.783309690625 0.1272119546875 0.7853452046875 0.140598265625 0.78149725625 0.142484759375 0.7771451140625001 0.16815912500000002 0.552528046875 0.1623187859375 0.5389674265625
5 0.0737755484375 0.5126502296875 0.0588513671875 0.5168655421875 0.024597353125 0.7477587265625 0.02311570625 0.7646940359375 0.028657095312500002 0.7701979437500001 0.07420184375 0.77167304375 0.083410321875 0.7639462124999999 0.104291121875 0.594119853125 0.115796584375 0.54292781875 0.1176268546875 0.52200773125 0.1124528296875 0.5180416921875 0.0737755484375 0.5126502296875