5 0.17514796875 0.0385991765625 0.1648502703125 0.050280675 0.1664958578125 0.0872575875 0.180281765625 0.1035194671875 0.19740134375 0.110221709375 0.224327421875 0.105751103125 0.23144852187499998 0.11262787031249999 0.247480990625 0.114348328125 0.26137414375 0.1081049078125 0.29033482187500004 0.10559909218750001 0.41928027031250004 0.10134803750000002 0.4313482515625 0.1051379984375 0.43775127343750003 0.0995253953125 0.4399978328125 0.0849839734375 0.4389481578125 0.053497496874999995 0.43351260937499997 0.028588567187500004 0.42581305 0.017221210937500002 0.41677951562500004 0.015378587499999999 0.22796537187500002 0.027675721874999996 0.21607191406249998 0.0338842359375 0.2102299 0.0429875796875 0.19807465625 0.0341983796875 0.19123279375 0.0433191765625 0.1832863703125 0.0464583390625 0.17514796875 0.0385991765625
5 0.2534401109375 0.1692526890625 0.2676299546875 0.1800066796875 0.412607871875 0.17747608125 0.4235538390625 0.1742845609375 0.428605434375 0.1771968421875 0.4343601875 0.16309426093749999 0.4310664828125 0.117644821875 0.42687511562499997 0.10671630624999999 0.42029757031250004 0.10233043281250001 0.268373078125 0.10798274062499999 0.25642726250000003 0.1111917125 0.24667311875000003 0.1253641046875 0.22371152656249998 0.12776520625 0.21537861875000003 0.1374121046875 0.2256388828125 0.1522352953125 0.22439217031249997 0.166759265625 0.2534401109375 0.1692526890625
5 0.245680603125 0.240398946875 0.26792158593750004 0.2540128625 0.41888113593750004 0.2503777 0.42994927031249996 0.254185115625 0.4365991546875 0.23406599374999998 0.43547967187500003 0.1985801265625 0.4312010421875 0.18265237343750002 0.424588590625 0.1762668046875 0.2596311734375 0.18014629843750002 0.2459125453125 0.1963881953125 0.21698677187499998 0.20089370624999997 0.21063610625 0.20950585312499997 0.219809259375 0.21934725781250003 0.21498454531250002 0.22943299687500002 0.2176150578125 0.2368882234375 0.245680603125 0.240398946875
5 0.1670715265625 0.32078310781249997 0.1812090140625 0.3285375546875 0.20818745 0.3270664921875 0.22532447968749997 0.3347685828125 0.41931238437499996 0.3323826640625 0.42762784062500003 0.3217359171875 0.42982204218750003 0.3041949515625 0.4266679578125 0.2667442953125 0.422476590625 0.25581577968749997 0.4158990453125 0.25142990625 0.3889729671875 0.2559005109375 0.217946653125 0.2558853296875 0.1942819046875 0.27530129375 0.16321681562499998 0.271842928125 0.1600602015625 0.26289665625 0.1507623515625 0.2745607015625 0.1563200671875 0.306468565625 0.1670715265625 0.32078310781249997
5 0.4217033640625 0.4693617984375 0.420880571875 0.4508733421875 0.41677646562500004 0.444944065625 0.3961486953125 0.4378029828125 0.2641338953125 0.4381070046875 0.2527665390625 0.445806565625 0.24897657812500001 0.457874546875 0.25215064531250003 0.46782066718750004 0.26176263906249997 0.474153878125 0.40281097343749994 0.47569247968750006 0.418791084375 0.47441339375 0.4217033640625 0.4693617984375
5 0.23012895156250002 0.552717928125 0.40922385625 0.5565928812500001 0.418591515625 0.5489282265625001 0.4245931328125 0.5203191265625 0.4215088578125 0.48686785937500004 0.41484405 0.477482746875 0.4068103640625 0.4756226703125 0.2287502125 0.4737299609375 0.214979225 0.4869723140625 0.2059980484375 0.48812923281250004 0.194840121875 0.507826965625 0.19924091875 0.530753653125 0.21388705468749997 0.5389992984374999 0.22309511406250002 0.5508404 0.23012895156250002 0.552717928125
5 0.43736148124999996 0.73612915625 0.43625945 0.7016431375 0.434155040625 0.69567895625 0.42657764687500005 0.691310534375 0.1876664046875 0.698481203125 0.1763165015625 0.7071806109375001 0.1687714828125 0.7333162703125 0.1710504171875 0.7492789281250001 0.18274936718749998 0.7605764734375 0.42874680625000006 0.758282878125 0.435114921875 0.7506705796875 0.43736148124999996 0.73612915625
5 0.44344530000000004 0.769528065625 0.436728134375 0.7571434109374999 0.1947649921875 0.7613668921875 0.181572465625 0.779099834375 0.17904413749999998 0.8061480796874999 0.1837441546875 0.8175677921875 0.1948122890625 0.8213752062499999 0.4328807546875 0.8232206203124999 0.440266171875 0.8165907171875 0.44432045000000003 0.791016065625 0.44344530000000004 0.769528065625
5 0.1998289796875 0.8222877921875 0.1807446125 0.81762015 0.172498965625 0.8322662875000001 0.1718307140625 0.8512808453125 0.1814776125 0.8596137531249999 0.2765155015625 0.8609553171875 0.2756228984375 0.8384674703125 0.2789391140625 0.8279079859375 0.2768521578125 0.8229436531250001 0.1998289796875 0.8222877921875
5 0.4454573875 0.8275017796874999 0.44186193124999995 0.8220637015625 0.41784813437499996 0.8214827109374999 0.2818688484375 0.8238562390625 0.2756752546875 0.8414670140625 0.2769543421875 0.857447125 0.284566640625 0.863815240625 0.43759569374999996 0.864144565625 0.4439812640625 0.857532115625 0.44526287968749995 0.845007840625 0.4454573875 0.8275017796874999
5 0.43761314687499997 0.8651444140625 0.1975275328125 0.8623340578124999 0.189124815625 0.867981565625 0.1823527640625 0.8811017515625 0.17984188750000002 0.9091498453125 0.1865066953125 0.9185349578125 0.1925406859375 0.9204299390624999 0.4336436 0.924222690625 0.4390118703125 0.9166278437500001 0.4420663 0.89107064375 0.43761314687499997 0.8651444140625
5 0.4381640328125 0.982652696875 0.4410613921875 0.9480968671875001 0.4382214515625 0.92864346875 0.42766196718750005 0.9253272515625 0.22858756093750002 0.9228011953124999 0.21537758125 0.9395342890625 0.210675034375 0.9566189625 0.210989178125 0.9746162203125 0.21670649531250002 0.987018328125 0.2277571765625 0.9898258953125 0.426936296875 0.9983510390625 0.43335677187500005 0.9937382828124999 0.4381640328125 0.982652696875
5 0.8417438515625 0.6685614203125 0.8465162093749999 0.6554761375 0.8476058484375001 0.6319535390625 0.8425218781250001 0.5985371765624999 0.83583961875 0.5881522171875 0.8288057796875 0.5862746875 0.5608116921875 0.5889522375 0.5523915234375 0.593599896875 0.547688975 0.6106845703125 0.549491634375 0.6566601125 0.5526657015625001 0.6666062312500001 0.558225946875 0.6700097109375001 0.8303241390625 0.6732614375 0.8417438515625 0.6685614203125
5 0.8178919265625 0.820500834375 0.8156853328125001 0.78003318125 0.8079159640625001 0.7646664359375 0.5728993984375 0.7657682078125 0.5619185250000001 0.7669600328125 0.558515046875 0.772520278125 0.5581958421875 0.811531790625 0.560352609375 0.8204955140625 0.5658954031250001 0.8228991453125 0.79300045 0.82693623125 0.812997403125 0.8265871828125 0.8178919265625 0.820500834375
5 0.8220433296874999 0.886438425 0.8249556109375 0.8813868296875 0.8227490156249999 0.8409191765624999 0.817522896875 0.82800841875 0.812997403125 0.8265871828125 0.586927109375 0.824532340625 0.57405125625 0.8317581562499999 0.5638059156249999 0.846439196875 0.5691542015625 0.8663488890625001 0.5798184015625 0.8756641921874999 0.597902921875 0.8803492875 0.8040460703125 0.8867525687500001 0.8220433296874999 0.886438425
5 0.8179865203125001 0.9405174625000001 0.8146928171875001 0.8950680234374999 0.806045765625 0.8867176640625001 0.6349670953125 0.8837029390625 0.5828528484375 0.87761153125 0.561856046875 0.87797803125 0.55845256875 0.8835382765625001 0.5571335171875 0.9225672421875 0.5628857390625 0.9369690453124999 0.7960945859375 0.9469005015624999 0.813091996875 0.9466038109375001 0.8179865203125001 0.9405174625000001