5 0 0.6715167671875 0.0180800921875 0.6648325374999999 0.0302333796875 0.651037696875 0.035241646875 0.6242064234375 0.044139253125 0.6198667703125 0.05123938125000001 0.605389609375 0.050124223437500004 0.590198940625 0.057674664062500006 0.562127765625 0.0977819171875 0.4395047328125 0.10547081093749999 0.42946078437499996 0.1023866515625 0.42152428750000004 0.08949055312500001 0.41443975312500003 0.0595439328125 0.4046571140625 0.034278128125 0.401245503125 0.020962903124999998 0.404592859375 0.016141753124999998 0.41245139062499997 0 0.4677461296875 0 0.6715167671875
5 0.1670367859375 0.4718120609375 0.16778147968749998 0.4604346515625 0.172245875 0.45668376562499996 0.160962025 0.44645270000000004 0.11712700937500001 0.43400314375000004 0.10542403125 0.43420396875 0.09905300624999999 0.4388847828125 0.0524032015625 0.5835803109375 0.051332939062500006 0.5959032375 0.061314518750000005 0.609916378125 0.055717487499999996 0.6323144421875 0.06193258593749999 0.643444246875 0.0793710453125 0.6388725828124999 0.0925927125 0.6450116 0.10487074375000001 0.618568265625 0.11982940312499998 0.60891225625 0.1670367859375 0.4718120609375
5 0.2450508046875 0.48175251250000006 0.2284194125 0.46862251875 0.1946907171875 0.4575376078125 0.1782601484375 0.45611059374999996 0.169998084375 0.46014027031250004 0.1172248578125 0.6164764046875 0.1277952015625 0.634922753125 0.1221357984375 0.663645065625 0.12805651406250002 0.672558265625 0.1404418109375 0.6673042796875001 0.1482691578125 0.6752875546875 0.15617446562499998 0.67536551875 0.1690724484375 0.650193271875 0.18947220781250002 0.6339498171875 0.23768748125 0.49085094375000005 0.2450508046875 0.48175251250000006
5 0.2298450671875 0.7409219265625 0.23768988906250002 0.7150673578125 0.250788696875 0.7015980859375001 0.3148944359375 0.5184930515625 0.3077338203125 0.5070376765625 0.292001165625 0.4989764375 0.2557303 0.48913142968749995 0.24402732187499998 0.489332253125 0.237656296875 0.4940130671875 0.23264802968749998 0.5208443421875 0.17413932031249998 0.6815513140625 0.1842905359375 0.7104295546875 0.17041584999999998 0.7384383578125 0.1609294796875 0.7383447999999999 0.1687100453125 0.7510712609375 0.20059447968750002 0.7567618484375 0.21772296406249997 0.7515546421875 0.2298450671875 0.7409219265625
5 0.384991846875 0.7218962296875 0.3942306140625 0.715029996875 0.4439177984375 0.5830141515625 0.44818136875 0.5675602843750001 0.4444304828125 0.5630958875000001 0.426775603125 0.5575456375 0.4198002203125 0.559374303125 0.4060346828125 0.576315671875 0.36116865 0.7004729875 0.36451600625 0.7137882125 0.3745599546875 0.7214771046874999 0.384991846875 0.7218962296875
5 0.460814271875 0.569266090625 0.449715653125 0.5723190625 0.445220071875 0.5792320765625 0.38254134687499997 0.7459065421875 0.390275134375 0.7633761875 0.3882905390625 0.7722114234374999 0.4029841171875 0.7894334656249999 0.4260333171875 0.7931394593750001 0.43879096406249996 0.78219676875 0.45306729843750004 0.77759391875 0.45723731250000005 0.7716264265625 0.52213264375 0.604657578125 0.5181341515625 0.5932333890625 0.49330306406249996 0.5778088265625 0.460814271875 0.569266090625
5 0.6217381859375 0.8943699125 0.6363556828125 0.8872404812499999 0.7183364859375 0.655294046875 0.713361290625 0.646706415625 0.700465190625 0.63962188125 0.667682015625 0.6288625390625 0.6613577671875001 0.62880016875 0.6546611734375001 0.6344265 0.579686940625 0.86138214375 0.583979815625 0.8750229359375 0.605958753125 0.8910518578125 0.6217381859375 0.8943699125
5 0.7770677874999999 0.6644118406249999 0.754422121875 0.6518550171874999 0.7339306890625 0.6453280625 0.7199955140625 0.6474043296875001 0.64120801875 0.8762198265625001 0.6533594234375 0.8946817687499999 0.6779117218749999 0.906308665625 0.6902502421875 0.9057978656250001 0.6976135671875 0.8966994328125001 0.7807718984375 0.673619421875 0.7770677874999999 0.6644118406249999
5 0.700186925 0.892297409375 0.6892735375 0.908634421875 0.7002162281250001 0.9213920671875 0.7178555125 0.92852338125 0.7289853171875 0.9223082843749999 0.7627508484375001 0.8334607234375 0.741313896875 0.8266081984375001 0.7325254390625 0.8198804187500001 0.7271467109375 0.820143615625 0.700186925 0.892297409375
5 0.8168107546875 0.674923578125 0.8054801250000001 0.6694356984375001 0.7890963328125 0.663265496875 0.78275649375 0.6647841875 0.7739973390625 0.6871510640625 0.7297200703125 0.815741590625 0.7441504515624999 0.8275849046875001 0.7596043171875 0.8318484749999999 0.7681919484375 0.8268732796875 0.8208404312500001 0.6831856421875 0.8168107546875 0.674923578125
5 0.8706429421875 0.6998052109375 0.8476717062500001 0.6881939078125 0.8217859515624999 0.6835112109375 0.7370309625 0.9081566921875 0.7394639859375001 0.9179842234375 0.7494767515625 0.928835240625 0.7749745671875 0.940787703125 0.7860731875 0.93773473125 0.7899176328124999 0.9327127562499999 0.87594370625 0.7074473234374999 0.8706429421875 0.6998052109375
5 0.830126503125 0.92804941875 0.8471458374999999 0.9339096453125 0.8607554437499999 0.9327788953124999 0.8671732484374999 0.92335489375 0.9433075359374999 0.739103515625 0.9411688953124999 0.7314925875 0.93239603125 0.7231837453125001 0.9009151281250001 0.7086423296875 0.8816635968750001 0.704657546875 0.874935815625 0.713446003125 0.8044746406250001 0.8996507921875001 0.8156805281249999 0.9177871671875 0.830126503125 0.92804941875
5 0.6935298875 0.220531315625 0.6043865859374999 0.4732791578125 0.6058740890625 0.482781121875 0.6203200640625 0.49304337499999995 0.6641394859374999 0.507073990625 0.6745713765625 0.5074931171875 0.6796713171875 0.503432253125 0.775790003125 0.2488557453125 0.775279203125 0.236517225 0.764615303125 0.22755724531250002 0.74288396875 0.2184881171875 0.709744040625 0.21183641718750001 0.6976999015625001 0.21456382187499998 0.6935298875 0.220531315625
5 0.821809078125 0.55290301875 0.8259635 0.5485165875 0.9074316203125001 0.3364884171875 0.9139429828125 0.3175780453125 0.9098977109374999 0.31089704218750003 0.8711158578125 0.299129809375 0.8540185578124999 0.30117489375 0.7746734859375 0.5223950546875 0.7720377546875 0.5331213265625 0.7760986187500001 0.5382212656250001 0.8126482749999999 0.5518639421875 0.821809078125 0.55290301875
5 0.8370777125 0.543882553125 0.847369265625 0.5585312359375 0.867907478125 0.56031500625 0.8803083703125001 0.5534799593749999 0.8908961890624999 0.538088465625 0.967418415625 0.34656731875 0.9732786421874999 0.3295479859375 0.9695277546875 0.3250835890625 0.9307459 0.31331635625 0.9168263171875 0.31381156250000003 0.9139429828125 0.3175780453125 0.8346914671875 0.529311834375 0.8370777125 0.543882553125
5 1 0.3454067453125 0.9788737890625001 0.3394067046875 0.9680695531250001 0.34467628281249996 0.9067242859375 0.50440655 0.8831761124999999 0.5512945390625 0.87633918125 0.5711504296875 0.8804000437499999 0.57625036875 0.9166241312500001 0.590838565625 0.9321247765624999 0.5903589499999999 1 0.42599513437500003 1 0.3454067453125