5 0.9061926328125001 0.717946340625 0.9093038640625 0.733767853125 0.9167751078125 0.74026250625 0.9146682765625 0.7674757609375 0.9228370859374999 0.7839460546875 0.9402386046875 0.7962621875 0.97721823125 0.7946787609375 0.9879577749999999 0.7834021390625 0.9794192109375001 0.7759796796875 0.98185385 0.767789896875 0.99034363125 0.760179140625 0.980528478125 0.7488361796875 0.989088015625 0.7422229875 0.994236321875 0.7298336796875 0.9900304249999999 0.5406662671875 0.9874074890625 0.531827703125 0.9754123281249999 0.525148171875 0.9501244453125001 0.5219042640625 0.9186662984374999 0.5236028109374999 0.9043760109375001 0.5271081890625 0.8993428265625001 0.5339760171875 0.904170159375 0.545667759375 0.9111736171875 0.674493034375 0.9112014265624999 0.7035619046875 0.9061926328125001 0.717946340625
5 0.8981603843749999 0.5385696890625 0.886908153125 0.5353467546874999 0.8413445984375001 0.5360267640624999 0.827797240625 0.5429887390625 0.831138715625 0.5477672890624999 0.82891334375 0.5589497640625 0.8390280328124999 0.7035965515625 0.850977828125 0.7167951265625 0.8559934578125 0.7455152140625 0.8703535015625 0.7430074 0.8860145265625 0.7519366921875 0.89489845625 0.7427947125000001 0.895289184375 0.7197112265625 0.9085575171875 0.7087589953125 0.91071313125 0.69657895625 0.9031028390625 0.5447399515625 0.8981603843749999 0.5385696890625
5 0.77044779375 0.539981909375 0.7509848078125 0.5483599875 0.7557423859375 0.559054165625 0.76527805 0.70975609375 0.7807785890625001 0.7307259125 0.7867220265625 0.7583786796875 0.794378146875 0.7603494171875 0.80400500625 0.75466403125 0.8146084546875001 0.76294454375 0.82263433125 0.755867446875 0.82460165 0.7266590640625 0.839586084375 0.7115770640625 0.8290738296875 0.5469092390625 0.822136246875 0.5408784890625 0.8058961968749999 0.5380043359375 0.77044779375 0.539981909375
5 0.752847259375 0.5893298703125 0.754954090625 0.5621166140625 0.7500116359375 0.555946353125 0.73875940625 0.5527234171875001 0.7011763625 0.552845375 0.6838933828125 0.5565600234375 0.674011890625 0.5657717609375 0.6885422109375 0.7592294296875 0.6977085828125 0.7756299671875 0.69859444375 0.8026339531250001 0.707551546875 0.8160417984375 0.72274866875 0.8255047515625 0.7550195000000001 0.8282603640625 0.7658288 0.8179813062499999 0.7566414546875 0.8156164234375 0.750488746875 0.7849709625 0.767768309375 0.759704053125 0.752847259375 0.5893298703125
5 0.5710115765625 0.5980352921875001 0.5620998390625 0.578108403125 0.555835428125 0.574536684375 0.5373456156249999 0.5753283984374999 0.5325670640625 0.5786698718750001 0.5326856046875 0.594700653125 0.5465115234375 0.735078159375 0.5536583765625 0.7441016 0.5638432859375 0.746396728125 0.575535028125 0.7415693937500001 0.582214559375 0.7295742328125 0.5710115765625 0.5980352921875001
5 0.451534134375 0.5953631078125 0.47100349062499997 0.773438778125 0.47348691406250004 0.7802822125 0.486085490625 0.7884232109375 0.49557625468750005 0.8022949609375001 0.518799253125 0.8046808171875 0.537449553125 0.7918485796875 0.537819309375 0.782800746875 0.5498110515625 0.767928015625 0.532406578125 0.590710396875 0.5298533984375 0.5828693984375 0.5199231234374999 0.57704791875 0.4863303359375 0.5768908500000001 0.458353178125 0.585363075 0.451534134375 0.5953631078125
5 0.3158166390625 0.5898167703125 0.31080442812500003 0.5826489453125 0.30467953125 0.5810723546875 0.2702286921875 0.582980171875 0.2559384046875 0.58648555 0.2489100921875 0.593492890625 0.2680653125 0.838754134375 0.2803394984375 0.8494239218749999 0.2964400359375 0.8503029453125001 0.32181865 0.840508765625 0.3294957453125 0.8284438484375001 0.3158166390625 0.5898167703125
5 0.21494413125 0.58083139375 0.1898201515625 0.587099221875 0.183859159375 0.59503436875 0.206446584375 0.8320360750000001 0.2112041625 0.8427302531249999 0.22299005312500003 0.8464170921875 0.2497150125 0.841540975 0.26623067031250003 0.826853121875 0.24934960468749998 0.585442621875 0.23642663593750002 0.5798304109375 0.21494413125 0.58083139375
5 0.16951574062500002 0.8486527171875 0.178657721875 0.8575366453125 0.1975416828125 0.8552137078125 0.21141343125 0.8457229453125 0.2051002375 0.8271180109375 0.1977338609375 0.7504450921875 0.192606528125 0.7487987453125 0.182376253125 0.7530226625 0.159896184375 0.7540934015625 0.16951574062500002 0.8486527171875
5 0.161075671875 0.58459824375 0.14871075625000002 0.5869665453125 0.1426800078125 0.5939041281249999 0.156345440625 0.746322159375 0.1633527796875 0.7533504718749999 0.17938356093750002 0.7532319328125 0.196387515625 0.7455270281249999 0.18690063437499999 0.6098583171875 0.184228915625 0.5859865359375 0.178498165625 0.5828787234374999 0.161075671875 0.58459824375
5 0.1154667515625 0.591797296875 0.0902730171875 0.5970675609375 0.083174946875 0.6030773375 0.10796676875 0.842932221875 0.1103804359375 0.8487780921875 0.1203107125 0.8545995718749999 0.1480332359375 0.8496536984375 0.1605132734375 0.8417639171875001 0.1654069453125 0.8329009609375 0.14168244375 0.593973884375 0.1154667515625 0.591797296875
5 0.052378790625000005 0.8292765781250001 0.07033494375 0.8280209624999999 0.08694475 0.82184728125 0.10246284375 0.8072291843749999 0.082595921875 0.609132478125 0.0783720046875 0.598902203125 0.058745114062500006 0.59776854375 0.0245733015625 0.6036666171875 0.013948879687499999 0.6094217578125 0.009913259375 0.616219828125 0.035765565625 0.813897996875 0.0395255796875 0.82466193125 0.052378790625000005 0.8292765781250001
5 0.3255625015625 0.45681294375 0.3294376375 0.46205539843750004 0.339622546875 0.46435052499999996 0.38558024999999996 0.46213929218749994 0.40219005625 0.4559656109375 0.40608616406250003 0.44717241249999995 0.38539630156250004 0.179964759375 0.382912878125 0.173121325 0.3719850390625 0.1673696015625 0.3382527390625 0.16521740468749999 0.31491461875 0.168353028125 0.3022950671875 0.1742476828125 0.2986082296875 0.1860335734375 0.3255625015625 0.45681294375
5 0.22888951875000002 0.45054123281249997 0.20950405625 0.21632294999999999 0.1935186390625 0.2099224453125 0.1530126609375 0.2112512359375 0.147376059375 0.2166575953125 0.1487711875 0.2366088765625 0.1725864203125 0.4624978640625 0.175463990625 0.46781007499999994 0.1845815796875 0.46917739375 0.22341682187499998 0.465459328125 0.2286592765625 0.46158419375 0.22888951875000002 0.45054123281249997
5 0.14931805625 0.46663105 0.1630502921875 0.45514515937500005 0.16912640625 0.44168853124999996 0.147376059375 0.2166575953125 0.1455658078125 0.212273190625 0.13224869374999998 0.2081922046875 0.0917427140625 0.20952099687499998 0.0869641640625 0.2128624703125 0.08821978124999999 0.23081862343749998 0.1125652546875 0.43561925312499994 0.11880869062499999 0.45322662343750003 0.1290179921875 0.46303835937500004 0.14931805625 0.46663105
5 0.105994009375 0.398988409375 0.0880802671875 0.22882349531249999 0.07900804375 0.22093713125 0.033444487499999995 0.221617140625 0.0278078859375 0.2270235 0.028993745312500003 0.24398208906250002 0.059212901562499996 0.47543792187499995 0.074061240625 0.4799130546875 0.11282672499999999 0.475197425 0.1180691796875 0.47132228906250007 0.11660429375 0.4503734453125 0.105994009375 0.398988409375