5 0.4258172546875 0.9789567218749999 0.5130222078125 0.9592579750000001 0.523662746875 0.9421673187499999 0.536877240625 0.9355515375 0.53801194375 0.9253489171875 0.532001584375 0.9108931281249999 0.5168642359375 0.9104247546875 0.5013328140625 0.9013129937500001 0.4643071296875 0.904766465625 0.393753075 0.9218303453125 0.3865032578125 0.9382699000000001 0.3878816015625 0.952771371875 0.39298383124999997 0.96908910625 0.4014158734375 0.9785797125 0.4258172546875 0.9789567218749999
5 0.48032215312500004 0.900284884375 0.4929921359375 0.9010864218749999 0.5056012109375 0.8957119359375 0.5260807484375001 0.8742006078125 0.5283958375 0.8584273859374999 0.5218257390625001 0.8498449078125001 0.5069911015625 0.8487558875 0.49703028125 0.8408245125 0.4828010640625 0.838494196875 0.3922206171875 0.8603880515625001 0.384591953125 0.8697282234375001 0.3832306765625 0.8882715203125 0.3902405328125 0.9101294031249999 0.3977339890625 0.9183939421874999 0.48032215312500004 0.900284884375
5 0.511002471875 0.8484074953125 0.5273963421875 0.85102529375 0.5455455640625 0.8437431828124999 0.5491019484375 0.8285753796875 0.543455209375 0.8196749656250001 0.5295439296875 0.81826800625 0.5127712109375 0.8085508265625 0.5078364828125 0.8092171562500001 0.41388054218750003 0.8333061203125001 0.4071752359375 0.8423283546875 0.406963890625 0.8522130375 0.41348830625 0.856163496875 0.48865915 0.837509928125 0.511002471875 0.8484074953125
5 0.415666346875 0.8264942218750001 0.4301525921875 0.8235718734375 0.5610733078125001 0.789853415625 0.573016053125 0.7795442031250001 0.582036446875 0.7547487453125 0.5912700265625 0.75156936875 0.5945998390625 0.7447422421875001 0.5904971046874999 0.7358266 0.574103234375 0.7332088015625 0.5557255999999999 0.717330825 0.5473544671874999 0.714016240625 0.53006769375 0.714804390625 0.395484 0.7528826109375 0.3884455296875 0.75943748125 0.3845407515625 0.770593915625 0.38693381875 0.794041484375 0.3917181109375 0.809435859375 0.401421903125 0.8226199 0.415666346875 0.8264942218750001
5 0.49157524218750004 1 0.5596164765625 0.9865932546874999 0.6194690828125 0.9804440078125 0.63484823125 0.9741157093749999 0.648167478125 0.9468072046874999 0.6663167015625 0.93952509375 0.669328575 0.9317746109374999 0.6645899656250001 0.9210122515625001 0.644835828125 0.9221335671875 0.618071834375 0.9013970015625 0.5878275937499999 0.9035482671875 0.5496824328125001 0.9187483640625 0.5381185375 0.9361569578125 0.5267507578124999 0.9421368640625 0.50904129375 0.9626943796875 0.46341790468750005 0.9711739421875001 0.45880111562500003 0.97276363125 0.4576207296875 0.978334234375 0.46396425468749997 0.9952573875 0.4708568671875 1 0.49157524218750004 1
5 0.5556604984375 0.8986153796874999 0.5631539546875 0.90687991875 0.634692278125 0.8956741234375001 0.654370278125 0.8868327796875001 0.67011120625 0.8545590921875 0.6861262296875 0.8500775109375001 0.6875788703125 0.8407982484375 0.680690834375 0.8312924140625 0.6668100109374999 0.8329734671875 0.6351112890625 0.81290323125 0.6184299359375001 0.8124500859375001 0.55191770625 0.832253584375 0.5458635015625 0.844666540625 0.5314381671875 0.8537649125 0.5285785671875 0.8769554546875 0.5255057843750001 0.8785299156249999 0.5382671328125 0.8885954890625 0.5543278390624999 0.8887459234374999 0.5556604984375 0.8986153796874999
5 0.551251375 0.82731885625 0.5870053093750001 0.8201719531249999 0.617476121875 0.8096800109375 0.6286307156250001 0.782084025 0.6375768140625 0.7810693015625 0.642435403125 0.7726829421875 0.6392560265625 0.7634493625000001 0.623513259375 0.7642222859375 0.60978286875 0.7498426328125001 0.5992318562500001 0.744696559375 0.58327774375 0.755354165625 0.5708818531250001 0.78234473125 0.5638433828125 0.7888996015624999 0.5133461765625 0.80422151875 0.5233222234375 0.8136969000000001 0.545317153125 0.8205830953125 0.551251375 0.82731885625
5 0.5572696046875001 0.717315596875 0.57594995 0.732572925 0.5923590484375 0.73673473125 0.604497909375 0.7149968296875 0.6146548468749999 0.711499515625 0.6173792390624999 0.705913684375 0.6129585671875 0.696074684375 0.6003038109375 0.696817153125 0.5803669421875 0.6794103984375 0.5695284468749999 0.6764289781249999 0.44876466875 0.7066501234375 0.42692201562500004 0.715203984375 0.4184004484375 0.72795010625 0.417871165625 0.7369114296875 0.4222613828125 0.7436624187499999 0.546113171875 0.7134108203125 0.5572696046875001 0.717315596875
5 0.5725555484375 0.6702225 0.5901298046875 0.667269696875 0.6136230578124999 0.6695086484375 0.6370249453125 0.662483565625 0.6363129328125 0.6529168203125 0.6451676640625 0.6426380625 0.6436522734375 0.6142405375 0.6335391796875001 0.5908691046875 0.6165703421875001 0.5925806140625001 0.609939334375 0.5778221140625 0.5886716453124999 0.5820466671875 0.40333371875 0.6406994703125 0.3938583390625 0.6506755171874999 0.39379926875 0.6760002578125001 0.40519934218750003 0.704609128125 0.4222747703125 0.7137056609375 0.5725555484375 0.6702225
5 0.572338684375 0.5856048921875 0.5846736640625 0.5524383015625001 0.592060528125 0.5498948015625 0.5957082781249999 0.5439910328125 0.59255935625 0.5378454640625 0.5777247187500001 0.53675644375 0.5543819015625 0.5184567859375 0.536777190625 0.518321578125 0.38655732187499997 0.5679807625 0.3798824703125 0.5800910078125 0.3800195171875 0.5939870609375 0.392691340625 0.6262893625 0.4073146328125 0.637263065625 0.572338684375 0.5856048921875
5 0.6177811828124999 0.590098021875 0.6313592984375 0.5890376171875 0.6400483671874999 0.593275559375 0.7379852234375 0.5657501921875 0.763203371875 0.555001221875 0.7744188750000001 0.5335812578125 0.7915838296875 0.5204410609375001 0.7927185328124999 0.510238440625 0.7855125593750001 0.4998092484375 0.7682257859375 0.5005973984375001 0.742763996875 0.486642275 0.6968531265625 0.4972864921875 0.59620710625 0.5319416968749999 0.5972675109375001 0.5455198109375 0.58715625625 0.5536491421874999 0.577530440625 0.5796858968749999 0.5800434859375 0.5839847484375 0.6105447546875 0.5765808171875 0.6177811828124999 0.590098021875
5 0.6614475843750001 0.508444765625 0.672497425 0.5015415015625 0.67880865625 0.48387588125000003 0.69594315625 0.467647671875 0.6930055796875 0.451617421875 0.6741443453125 0.44933278750000005 0.64435325 0.4348027 0.5784768953125 0.456452915625 0.5667911796875 0.4615094625 0.56350705 0.47296860625 0.55736148125 0.4761175265625 0.54473901875 0.5114487703124999 0.5453901218749999 0.5148394921875 0.58200834375 0.5326993921875001 0.6614475843750001 0.508444765625
5 0.3815921390625 0.56555908125 0.5425743656249999 0.5111612875 0.5546675453125001 0.48479136875 0.5548941171874999 0.4764506921875 0.5637945328125 0.4708039515625 0.5649596906250001 0.46368934375000004 0.5605847015625 0.45848236093750006 0.54792994375 0.459224828125 0.521181178125 0.4400322671875 0.492526625 0.4468003234375 0.35895765625 0.49382464062500003 0.3501790609375 0.511823428125 0.3518753421875 0.5272482578125001 0.36232160156250004 0.5530870546875 0.372918296875 0.5628651437500001 0.3815921390625 0.56555908125
5 0.5128405015624999 0.43980569531249997 0.532958259375 0.4442397546875 0.5436901625 0.43641313437499996 0.5514540343750001 0.40946825000000003 0.5640174265625 0.399461746875 0.5639412890625 0.39174171874999997 0.558642940625 0.3868526734375 0.5472447078125 0.3897445671875 0.52455299375 0.37483563124999997 0.515924834375 0.3767737125 0.503302371875 0.41210495625 0.3620895109375 0.46692543906250006 0.3684330359375 0.48384859375 0.3761835203125 0.4868604671875 0.5128405015624999 0.43980569531249997
5 0.342986475 0.4714374765625 0.502984434375 0.4111815984375 0.5125341125 0.377424815625 0.523568725 0.368977546875 0.523810525 0.362180875 0.5194355359375 0.3569738921875 0.504949290625 0.35989624062500003 0.4794570484375 0.34285310625 0.4634115703125 0.344246678125 0.31449390625 0.40068730468749997 0.3062902765625 0.41435678437499995 0.3079865578125 0.4297816140625 0.3206279265625 0.4589959046875 0.3324659171875 0.469379415625 0.342986475 0.4714374765625
5 0.3140846046875 0.39049991093749997 0.47312875 0.327473959375 0.48643277031250004 0.2986214484375 0.485418046875 0.2896753515625 0.4970885359375 0.2830747984375 0.49793575625 0.27503683125 0.4920319875 0.27138908281249996 0.48063375468749997 0.2742809765625 0.46785717812499994 0.26267139687499996 0.44740625468750006 0.25576997343749996 0.42922657812500004 0.2599640734375 0.2898908875 0.31723669375 0.2776758890625 0.331254565625 0.27778248125 0.34206260624999996 0.2910901796875 0.37621162343750003 0.3060466375 0.389652690625 0.3140846046875 0.39049991093749997
5 0.28957295 0.3163133359375 0.411970259375 0.26384023437500004 0.4501458734375 0.2517281484375 0.45924240625 0.2346527203125 0.462435171875 0.2139295421875 0.47439314218749995 0.2051643359375 0.47495287968750005 0.199291021875 0.470577890625 0.1940840390625 0.4564095828125 0.197929746875 0.44145312499999995 0.1844886796875 0.41423598593750005 0.1804334671875 0.2638504546875 0.24460935 0.25775056875 0.2523902890625 0.25607135625 0.270010228125 0.2665480703125 0.2989370359375 0.27997575 0.3139373359375 0.28957295 0.3163133359375
5 0.2592032109375 0.2431110265625 0.2813638015625 0.2354805234375 0.41910980468750003 0.1735911125 0.4265557390625 0.145722871875 0.4402842890625 0.128601759375 0.43834620781250005 0.11997359999999999 0.43272992187500003 0.114161196875 0.404589425 0.11042392187500001 0.39090471875 0.10067628749999999 0.3782651890625 0.10296276093750001 0.232269875 0.1738896328125 0.22343037031250002 0.18571239687500002 0.22605000937500003 0.20081928906250002 0.2396147359375 0.2297156421875 0.25052936875 0.240417090625 0.2592032109375 0.2431110265625
5 0.3982002171875 0.0888687515625 0.4055413984375 0.0816932328125 0.405767971875 0.07335255625 0.3933988578125 0.04042960625 0.38401300312500003 0.028168925 0.373779928125 0.023946209375 0.2023094375 0.1108747171875 0.19560413125 0.11989695156249999 0.19631614375 0.12946369687499998 0.2095629328125 0.1574366921875 0.22883347031249998 0.16990871875 0.3982002171875 0.0888687515625