5 0.8282951781250001 0.81174395 0.8416466859374999 0.8175688781250001 0.8583921078125 0.8210173609375 0.870780715625 0.8182436687499999 0.8829404796875 0.7970845171875001 0.9079893671875 0.7112632046875 0.898200178125 0.693671065625 0.8988204 0.6789060140625 0.8904471015625001 0.6729672515625 0.8748899031249999 0.6712157249999999 0.867141521875 0.6842280765625001 0.8516424140625001 0.6933946953125 0.83671248125 0.727452365625 0.8174316015624999 0.7974330640625 0.8282951781250001 0.81174395
5 0.767420659375 0.7801859515625 0.7829790328125 0.79036651875 0.8054948124999999 0.7948324734375001 0.8163560406249999 0.7922852765624999 0.8405570375 0.7112725953125 0.8474006093750001 0.700579771875 0.8488129796875 0.686946025 0.839927425 0.6586053171875 0.8272542296875001 0.648933484375 0.8165625796875 0.6505189546875 0.808418125 0.662965653125 0.7966520874999999 0.6678323765624999 0.7877154859375 0.6791477703125001 0.7629500109375 0.7689855671875 0.767420659375 0.7801859515625
5 0.7629476625 0.752127484375 0.7695659125 0.748336321875 0.7896946812500001 0.673546990625 0.810058165625 0.6592883265625 0.82029565 0.6462190578125 0.8227254890625 0.626814953125 0.8111836 0.6163509734375 0.8006615281249999 0.6169747171875 0.7926866515625 0.6284596890625 0.7760562390625 0.6384184562499999 0.7742466218749999 0.643057509375 0.749764559375 0.7369117890625 0.7544047859375 0.7471504484375 0.7629476625 0.752127484375
5 0.7101407234375 0.56233998125 0.7024492609374999 0.5778414374999999 0.6705057531249999 0.714011675 0.672826453125 0.7233455249999999 0.6806910171875 0.7321694671875 0.7023589046875001 0.7414440515625 0.7181426 0.74472295625 0.7343781125 0.742627578125 0.7446725140625 0.7320474140625 0.7491396421875 0.7179606765625001 0.7831204359374999 0.5871078046875 0.779893753125 0.571664440625 0.76258033125 0.5517539484375 0.7642761140625 0.5421366859375001 0.7599193 0.535914509375 0.750132459375 0.535180453125 0.7398949734375 0.548249721875 0.7170981296875001 0.5566253671875 0.7101407234375 0.56233998125
5 0.89033209375 0.65956 0.8999517046875001 0.678113865625 0.8996706390625 0.6909554640625 0.9090649281250001 0.7164109921875 0.8943626640625 0.76042508125 0.8935147734375001 0.7652337124999999 0.89781466875 0.7689667828125 0.9156913953125001 0.77162311875 0.9281926640625 0.7653985953125 0.9544866921875 0.6837633453125 0.9781255578125 0.6284338625 0.9800466625 0.6119149359375 0.96261940625 0.587026234375 0.9650492453125 0.5676221296875 0.9597307046875001 0.5612303765625 0.9480204109375 0.5601571625 0.9394241390625 0.5779781453124999 0.9083120890625 0.591333175 0.8955309296875 0.6188283375 0.89033209375 0.65956
5 0.8306909734374999 0.5478976515625 0.8157657359374999 0.6156714859375 0.8236872156249999 0.62698453125 0.8246512906250001 0.6440121921874999 0.843547834375 0.6577562515625 0.8434351734375 0.6612070828125 0.858425546875 0.6549256421874999 0.8663435046875 0.640951565625 0.8756216109375 0.6445708015625 0.886482840625 0.6420236046875 0.9113644984375 0.5740221015625 0.9131717687500001 0.552524965625 0.8925759187500001 0.5231110453125 0.8964204765625 0.5069312765625 0.8890089046874999 0.5011620921875 0.877355528125 0.502577984375 0.872096253125 0.5155334171875 0.839174584375 0.5335275 0.8306909734374999 0.5478976515625
5 0.7637116359375 0.5509618 0.7813084703125 0.5748887765624999 0.783629171875 0.5842226265625 0.772548490625 0.635816690625 0.785672328125 0.6316851984375 0.8023584843749999 0.61578649375 0.8111266828125 0.6138618671875 0.8222097109375 0.5791258859374999 0.8278057953125 0.5473889171875 0.80907765625 0.5242540890625 0.8125273125 0.5159377093749999 0.8075479296875001 0.507622503125 0.797930665625 0.5059267203125 0.790974434375 0.520070375 0.77174108125 0.52510785 0.7621249921875 0.531841109375 0.7637116359375 0.5509618
5 0.6559008890625 0.6449973984375 0.6527927359375 0.6682484078125001 0.6598094062500001 0.68188098125 0.66739055625 0.6866884375 0.6754235234375 0.6861216125 0.70900941875 0.5631321296875 0.7178333593749999 0.5552675671875 0.7402341296875 0.54632626875 0.7518294156249999 0.53399223125 0.73870205625 0.5128366 0.7405674171875 0.5022576109375 0.7370027515625 0.4971667390625 0.7262541828125 0.4962631046875 0.7207684125 0.507691159375 0.6958785375 0.516689375 0.688016321875 0.5247235156250001 0.6559008890625 0.6449973984375
5 0.6147484999999999 0.46222304531249997 0.5761937859375 0.652758690625 0.580325278125 0.6658825296875001 0.6024461578125 0.678211871875 0.6329949046875 0.6821109984375 0.64922924375 0.671586578125 0.68405558125 0.51906699375 0.6899931703125 0.5022646546875 0.70334115625 0.48280245781250003 0.7085423390625001 0.45892887812499994 0.6998298859375 0.45491356875 0.695132740625 0.4421858046875 0.6695610296875001 0.42974380156249997 0.6442169890625 0.42725821875000003 0.637487253125 0.442929253125 0.6213644015625001 0.4415738 0.6147484999999999 0.46222304531249997
5 0.52403524375 0.650503125 0.5584308953125 0.6550805656249999 0.575118225 0.647610903125 0.6099422156250001 0.4782332359375 0.5869141796874999 0.45136533749999996 0.58827080625 0.4436715265625 0.58487571875 0.43761892968750005 0.57797405625 0.43739360781250003 0.5698296015625 0.44984030781250006 0.5425075390625 0.4613845453125 0.53385435 0.47671642187499996 0.5044592125 0.6321769296874999 0.5118150406249999 0.64388605 0.52403524375 0.650503125
5 0.6060113921875 0.2811978703125 0.5930630031249999 0.3265128421875 0.5745789671875 0.4313410109375 0.5869687484375 0.43699636093749994 0.5891767890625 0.44978104218750004 0.6072823578125 0.4708228375 0.61226056875 0.47070900312499997 0.620572253125 0.4404424953125 0.63590295625 0.44066664375000003 0.64155830625 0.4282768625 0.6494774375000001 0.42273182656249997 0.6728839390625 0.32372975937500004 0.675708678125 0.296462265625 0.662411740625 0.27626836093749996 0.6592408015625 0.254885059375 0.650867503125 0.24894629687499997 0.6382524 0.2501926109375 0.6305609375000001 0.2656940671875 0.6060113921875 0.2811978703125
5 0.5069213171875 0.43825206562499996 0.5317032265625 0.4664208453125 0.5349844796875 0.46749523281250005 0.568357965625 0.4441268671875 0.5856573 0.3628888640625 0.5849766390625 0.3498776875 0.572585684375 0.33579329687500004 0.56669914375 0.312939534375 0.5512546046875 0.3077371765625 0.5401123109375 0.32312597187500003 0.512961 0.342137525 0.499959215625 0.41025051562500003 0.4987164234375 0.42292253593750007 0.5071466390625 0.431350403125 0.5069213171875 0.43825206562499996
5 0.4262202234375 0.620364540625 0.4377063703125 0.6367684578125 0.4520196046875 0.6427629625 0.479683171875 0.6461533546875 0.4933726625 0.6416257890625 0.49993399375 0.6353455218749999 0.53040234375 0.4681747203125 0.5132015828125 0.444813396875 0.5060165078125001 0.4405715921875 0.5053927640625 0.4300495203125 0.4997350671875 0.42558121875 0.4930599 0.42688327499999995 0.48757412968749997 0.43831133125 0.457819878125 0.45240159062499996 0.4498473515625 0.48074464531250005 0.4262202234375 0.620364540625
5 0.424726284375 0.45449931718750003 0.40421200468749996 0.6045843671875 0.42208873125 0.607240703125 0.4284804859375 0.6019221625 0.4535780734375 0.4595866671875 0.46720947187500006 0.4441409546875 0.46556708437500005 0.4309601984375 0.44576455781249996 0.41110662500000006 0.44310352656249996 0.3952671859375 0.43631452499999995 0.39159103281249996 0.4294697796875 0.393854815625 0.4264731140625 0.405225953125 0.40243230468749996 0.417844578125 0.3999443734375 0.4263305375 0.424726284375 0.45449931718750003
5 0.33118241875 0.6279016859375 0.3454956515625 0.6338961921874999 0.377175703125 0.6370031703125 0.3919964984375 0.63168345625 0.3988969875 0.6234797375000001 0.4237645578125 0.45432973906249996 0.3988699859375 0.4296117890625 0.39683152499999996 0.41586538281249996 0.39100425 0.41235880781249995 0.3843290828125 0.4136608640625 0.3798619546875 0.427747603125 0.352596809375 0.4417809453125 0.3460366515625 0.45649025312499997 0.3232040203125 0.614099534375 0.33118241875 0.6279016859375
5 0.2557482125 0.445528103125 0.238288690625 0.5951601609375 0.24462704999999998 0.6126396390625 0.2541316515625 0.617786253125 0.29045075625 0.62270285 0.30945761250000003 0.616137996875 0.3140954921875 0.6095185734374999 0.33607788437499997 0.43985984062499994 0.3172928265625 0.41423590781249997 0.308976446875 0.41078625 0.3088614375 0.39737900000000004 0.3022420140625 0.3927411203125 0.2961894171875 0.39613620781250003 0.2931927515625 0.40750734531250005 0.276844578125 0.41305355625000006 0.260893653125 0.427594459375 0.2557482125 0.445528103125
5 0.17892159375 0.4200819671875 0.1621427328125 0.5827252015625 0.1659908125 0.59183255625 0.180587459375 0.6018435453125 0.210966628125 0.6067043984375 0.23059605468750002 0.6022325765625001 0.23732696406249998 0.5949905828125 0.25077235 0.46250002031250004 0.25868678749999996 0.42323881874999997 0.2481623671875 0.40700448125 0.23158534999999997 0.3941652296875 0.2297164671875 0.3794570953125 0.2248509171875 0.3761200984375 0.21817574999999997 0.37742215625000003 0.21467035 0.391678471875 0.19566349375 0.3982433265625 0.17892159375 0.4200819671875
5 0.08497930625 0.5760606 0.0910342515625 0.5895235953125 0.1055170625 0.594556375 0.1373666921875 0.5967016265625 0.15201790937499998 0.5923436390625 0.158579240625 0.586063371875 0.1626491203125 0.5629819406250001 0.175300009375 0.41250199062500004 0.15453575625 0.3924788375 0.14621702812499998 0.3721710984375 0.1377310703125 0.3696831671875 0.12992459843749998 0.37177737187500004 0.11301312031249999 0.3945777390625 0.09785316875 0.40182090625000005 0.0937251984375 0.4139841921875 0.08497930625 0.5760606
5 0.0798315171875 0.5771361609375 0.09106299375 0.3897157109375 0.08834621875000001 0.379816209375 0.08116114375 0.3755744046875 0.0463694171875 0.37043131093750004 0.03109563125 0.37269626875 0.02244126875 0.3795991046875 0.015340110937500002 0.5717143515625 0.0199803375 0.5819530109375 0.0286927921875 0.5859683203125 0.0595806953125 0.5879439953125 0.0798315171875 0.5771361609375