5 0.1221979859375 0.7735655109375 0.136159853125 0.769411140625 0.1486865125 0.7565308625 0.138077853125 0.684722040625 0.127409790625 0.64909873125 0.113143340625 0.638111571875 0.107038521875 0.6242519234375 0.0913838265625 0.6240944484375001 0.0823491890625 0.6289684953125 0.08116537968750001 0.6436990765624999 0.069305215625 0.6599670843750001 0.08370840625 0.7482013890625 0.09319888125 0.7706847265625 0.10515711718750001 0.7749475359375 0.1221979859375 0.7735655109375
5 0.1837434734375 0.7537157031249999 0.200426575 0.7455071078125 0.20622888437500003 0.73493504375 0.19259648125 0.6427487328125 0.18510549062499998 0.6304285843749999 0.174020259375 0.6241642171875 0.1674533828125 0.6108177359375 0.157034646875 0.6079410984375 0.1432772171875 0.615996365625 0.13100403124999999 0.6430429484375 0.1307443375 0.6567471953124999 0.1362337703125 0.6681943390625 0.1503814140625 0.7515525234375 0.160851259375 0.755404384375 0.1837434734375 0.7537157031249999
5 0.2232248640625 0.7047072421875 0.210363246875 0.6085689249999999 0.209132475 0.6037439140624999 0.1938396921875 0.5918326390625 0.187323925 0.57946138125 0.1769562984375 0.5775599687499999 0.1642252015625 0.58653935 0.1642721640625 0.60609494375 0.1728405984375 0.62031443125 0.1913146 0.636948496875 0.20217880625 0.713633440625 0.20828569843750003 0.7182029046875 0.21737144531250002 0.71430408125 0.2232248640625 0.7047072421875
5 0.23255858906250002 0.5096154484375 0.23306968281249998 0.519367690625 0.213458834375 0.537019796875 0.2083741296875 0.5519548140625 0.2261546828125 0.6859735453125 0.22887177187500002 0.7004996890624999 0.23780004375 0.7122555625 0.2536591765625 0.7163139328125 0.2697248203125 0.7149830171875 0.2923614859375 0.708418215625 0.3012427953125 0.7006184953125 0.3046837078125 0.6916370406250001 0.28957328125 0.5525888609375 0.2838283015625 0.5362655968750001 0.27761919062499996 0.529745684375 0.2560130046875 0.5186542328125 0.24744457187500002 0.5044347453125 0.2376412203125 0.5039706140625 0.23255858906250002 0.5096154484375
5 0.054348115625000006 0.5238445765625 0.0479877515625 0.5051088078125 0.0362339515625 0.5047468953124999 0.030176096875000002 0.5104428390625 0.030223059375 0.52999843125 0.0098925328125 0.5525777671875 0.0097861671875 0.5692076875 0.026505865625000003 0.62700560625 0.0426550671875 0.7112367953125001 0.0543045734375 0.71893844375 0.072371775 0.7184805328125 0.07709456875000001 0.7152993140625 0.076839021875 0.71042319375 0.0676103140625 0.6649454234375 0.080036828125 0.6408245124999999 0.0813228546875 0.6280443796874999 0.09313191093749999 0.6108011484375 0.09293576718749999 0.569739515625 0.08360069375 0.540891665625 0.054348115625000006 0.5238445765625
5 0.105689671875 0.4585681078125 0.1075337546875 0.47509580937500007 0.08350676875 0.5017804796875 0.082680725 0.5233376296875 0.0990896203125 0.593864571875 0.10955946718750001 0.5977164328125 0.1192094890625 0.5952548921874999 0.1253654171875 0.6100897640625 0.13947853906250002 0.6181512515625001 0.13978726875 0.6147124125000001 0.160217940625 0.6033737078125 0.163249978125 0.586590459375 0.1724911265625 0.5763271249999999 0.165936690625 0.5072395375000001 0.159267596875 0.49194260781250004 0.1287842484375 0.4700705078125 0.1251430453125 0.45657069687499996 0.113749084375 0.4537451703125 0.105689671875 0.4585681078125
5 0.170548971875 0.5392686078125 0.1773161375 0.5750963546875 0.185784425 0.578075209375 0.200408640625 0.5958889375 0.212931153125 0.601589028125 0.2082208015625 0.5490291421875 0.21166171406249998 0.5400476875 0.23204335 0.5184435749999999 0.2359483921875 0.49965876875 0.2272245578125 0.49180379375000005 0.20874848125 0.4844599109375 0.203567778125 0.469573928125 0.1938155375 0.470085021875 0.1878599 0.4777314140625 0.1902703328125 0.48640621250000005 0.1688623640625 0.5070862093749999 0.170548971875 0.5392686078125
5 0.2559107859375 0.516703784375 0.277054915625 0.5283084031249999 0.28485463437499997 0.5371897125 0.3032015375 0.663355540625 0.31110555 0.6648971140625 0.319216071875 0.6610494 0.3278418359375 0.648373559375 0.32759043593750004 0.6249170703125 0.310372084375 0.5016258046875001 0.3035475890625 0.49269338593749995 0.2799398453125 0.48072892968750003 0.27588769375 0.46871751093749997 0.26510911875 0.4683044890625 0.260950603125 0.47292298906249997 0.2615128046875 0.4836504546875 0.245905071875 0.5030485734375 0.2559107859375 0.516703784375
5 0.31114701875 0.47909343125000003 0.314992659375 0.49649413750000004 0.3309719453125 0.652121128125 0.34580267187499997 0.66454556875 0.376598896875 0.6643984609375 0.400057459375 0.6548568765625 0.40575754843749995 0.6423343640625 0.390710671875 0.44852030468750004 0.38666059375 0.42721869999999995 0.37049273125000004 0.42659916875 0.365722975 0.41022479531249995 0.340264928125 0.40960318906250004 0.3133675265625 0.41883604375 0.3071542703125 0.43089649999999996 0.2980174140625 0.43382009843749997 0.300270371875 0.45814959218749995 0.31114701875 0.47909343125000003
5 0.47946571093749996 0.6306482625000001 0.46923554999999995 0.47276416718750003 0.46251534687499996 0.45649201250000004 0.43680382656249994 0.4417041015625 0.4302369515625 0.4283576203125 0.423359271875 0.42774016093749995 0.419251865625 0.4333338859375 0.4196607390625 0.4411356796875 0.393529978125 0.46499689687499995 0.40745244999999997 0.637356025 0.4231050734375 0.646803684375 0.4578021953125 0.6464521390625 0.47073772812500003 0.6413736546875 0.47946571093749996 0.6306482625000001
5 0.3660648796875 0.258143009375 0.3504060375 0.27656590312499996 0.34988665 0.30397439843749996 0.361053365625 0.40509105468750006 0.3682377 0.4115598578125 0.3723409609375 0.4245465015625 0.3875847078125 0.42619236718750003 0.39214587968750003 0.4572462125 0.397073109375 0.45796588906249996 0.41760807343749995 0.43928744999999997 0.421357715625 0.42686715625 0.4343443578125 0.4227638953125 0.428773440625 0.31646446250000004 0.421444071875 0.26990925 0.3989669546875 0.251529171875 0.393221975 0.2352059078125 0.380852790625 0.23243148906250002 0.371818153125 0.2373055375 0.3660648796875 0.258143009375
5 0.47262535312500004 0.4628074890625 0.5006554546875 0.43786882812499994 0.5012729125 0.43099115 0.5106673890625 0.42365348750000004 0.5109781921875001 0.41092446406249994 0.5063742046875 0.341734659375 0.48174220156249997 0.31955590312500004 0.4725583828125 0.30292390937499997 0.45659495781250004 0.3062052734375 0.447967121875 0.3281712984375 0.43395207031250005 0.34064062812499996 0.4316908203125 0.3534718703125 0.43896078593750004 0.4362125953125 0.4692376234375 0.4634739828125 0.47262535312500004 0.4628074890625
5 0.48931809687500005 0.6413778015625 0.5023537765625 0.6475399484375 0.530224328125 0.64754616875 0.5451614203124999 0.6433406890625 0.5585610859375 0.6284588546875 0.55212545625 0.48700024218750004 0.5476665046875 0.4578968453125 0.5198512078124999 0.44028548125 0.51579905625 0.4282740625 0.5093323265625 0.42616821250000003 0.5031722515625 0.4299137078125 0.5012708390625 0.440281334375 0.4936223734375 0.44361588125000007 0.47370279687499994 0.464706828125 0.48357104375000004 0.634344721875 0.48931809687500005 0.6413778015625
5 0.5823283765625 0.61547843125 0.580257775 0.46401203124999996 0.6082878765624999 0.439073371875 0.60685266875 0.43034746406249996 0.584528878125 0.4148930578125 0.5829403421875 0.403241478125 0.576422503125 0.400160403125 0.5692360953125 0.402981784375 0.56466455625 0.418378859375 0.5425900921875 0.435671128125 0.5393536171875 0.448553478125 0.5510010515625 0.4655453109375 0.5585652328124999 0.6098784859374999 0.5642611750000001 0.6159363421874999 0.5823283765625 0.61547843125
5 0.6370348546875 0.6517274937499999 0.651971946875 0.6475220140625 0.661572934375 0.6347950640625 0.6581182328125 0.47557797968750004 0.6533995874999999 0.46017883125000003 0.6280479062500001 0.44292730625 0.6253308171875 0.4284011625 0.6188640875 0.4262953125 0.612652903125 0.42906558281249996 0.608954371875 0.44246110156249996 0.581233 0.46396092187500004 0.5853010125 0.6348806953125 0.5911502843750001 0.6438642234375 0.605212296875 0.6509504859375 0.6370348546875 0.6517274937499999
5 0.6700295078125 0.46028519687499997 0.671171846875 0.6313582984375 0.6749684515625 0.638493596875 0.6930335796875 0.6473258703125 0.72968115 0.64687210625 0.7397421203125 0.642922175 0.748163446875 0.6263454375 0.7490696265625 0.47570093281250003 0.7461481 0.4572738921875 0.7320881609375001 0.44089744687500004 0.7165377578125 0.4334002359375 0.714949221875 0.42174865468749995 0.709355496875 0.417641246875 0.7022201984375 0.4214378515625 0.7004721140625 0.4347311515625 0.691797315625 0.43714158437500006 0.6700295078125 0.46028519687499997
5 0.7519400421875 0.49315275 0.7491386703125 0.626294328125 0.7549368328125 0.63430263125 0.773874965625 0.641133346875 0.8046200812500001 0.6400110156250001 0.8203279609375 0.63185353125 0.8252572640625001 0.6232830234375 0.8284246953125001 0.459807278125 0.8144690484374999 0.4360910953125 0.7964039203125 0.427258821875 0.79466205625 0.41268156874999995 0.788195325 0.41057571875 0.782959365625 0.41329488124999997 0.7793119421875 0.42766562343750003 0.7612937765625001 0.43838894218749996 0.7488693359374999 0.45321966874999997 0.7519400421875 0.49315275
5 0.8341344265625 0.634063671875 0.8481453296874999 0.6401747109375 0.8800189968750001 0.6419269421875 0.8950071984375001 0.6386966875 0.9026577375 0.62607195625 0.9137291812500001 0.4641377828125 0.9111143109375 0.4515620875 0.8969500796875 0.4425253765625 0.8829433234374999 0.4178339703125 0.8754502593750001 0.41480400624999997 0.8667243515624999 0.41623921406250003 0.8559927390625001 0.43538178437499997 0.8329430500000001 0.4527251625 0.82716075 0.6036252125 0.8283873734375 0.6270305921875 0.8341344265625 0.634063671875
5 0.9308805609374999 0.4275454703125 0.9232320953125001 0.4308800171875 0.919329125 0.44037463906249996 0.9076360765624999 0.6277668578125 0.9264188093750001 0.640962084375 0.957317253125 0.642765425 0.966454109375 0.6398418265625 0.9723075265625001 0.6302449859375 0.9886722593749999 0.4386963234375 0.9809236484375001 0.4307902390625 0.9660397406250001 0.42668075781250003 0.9308805609374999 0.4275454703125