5 0.5925416265625 0.9330218359375 0.6045584921875 0.9244203046875 0.6040831843750001 0.9141657875 0.5958854390625 0.9008282015625 0.5808611859374999 0.902733596875 0.5640955890625 0.8961636671875001 0.5280659937500001 0.9053667140625 0.46104995468750004 0.9332575953125 0.4564611078125 0.950628871875 0.46009101250000006 0.9647361859375 0.46768308125 0.9800548578124999 0.47749596875 0.9881095578125001 0.50165590625 0.9846647078125 0.5847056578125 0.9515666250000001 0.5925416265625 0.9330218359375
5 0.5674352359375 0.8899638421875 0.5842975234375001 0.8655136499999999 0.584116634375 0.8495724625 0.5762848296875 0.8421234390624999 0.5614624703125 0.8433684749999999 0.55038354375 0.8370929640625 0.5359649703125 0.837017278125 0.449924671875 0.8728114859374999 0.4438510546875 0.8832300515625 0.44540734843749996 0.9017580000000001 0.455750228125 0.9222501937500001 0.46444428593750003 0.9292407468749999 0.543182771875 0.8984350062500001 0.5558221546875 0.8972446546875 0.5674352359375 0.8899638421875
5 0.598758103125 0.8323862375 0.5998979359375001 0.8168488343750001 0.5929283859375001 0.8089413437499999 0.5789682796875 0.809727909375 0.560881959375 0.802754196875 0.5561122234375 0.804184284375 0.46708137968749996 0.8426746203125 0.461870015625 0.8526347171875001 0.463207578125 0.8624307640625 0.4702696546875 0.8653119437499999 0.541596959375 0.8351287203125001 0.565369953125 0.8423968546875 0.5819715015625 0.8424178578125 0.598758103125 0.8323862375
5 0.6056644578125 0.77673086875 0.6158474515625 0.7646803234374999 0.620877925 0.7387790375 0.6295004609375 0.7341943546875 0.6317212796875 0.726930384375 0.62627434375 0.7187663171875001 0.6096727953125 0.7187453140625 0.58903755625 0.7059377171875 0.580250971875 0.703973475 0.5633003203125 0.7074561687500001 0.436330321875 0.7661191109375001 0.4304039140625 0.7736943390625 0.42829246093749995 0.7853242609375 0.43432407343749996 0.80810879375 0.44145767343750003 0.822565209375 0.453104434375 0.8340689250000001 0.46777958281250004 0.8356672265625 0.481630321875 0.8305147093749999 0.6056644578125 0.77673086875
5 0.5418832390625 0.9947971796875 0.5494329 0.9984031609375 0.569896196875 0.9951620921875 0.6350024546874999 0.9712764125 0.693156221875 0.9558398625000001 0.7073560624999999 0.947183646875 0.7162393359375 0.918127765625 0.7330259406249999 0.9080961468750001 0.7347882890624999 0.8999699234375 0.7284244156249999 0.8900813484375 0.709088896875 0.8942790875 0.6794105 0.877984634375 0.649875146875 0.88484065625 0.6145774359375 0.90582083125 0.605879215625 0.9248240890625 0.5955868546875001 0.932508684375 0.581311328125 0.9555834734375 0.537576134375 0.971095709375 0.53326486875 0.9733880515625 0.5329704484375 0.979074725 0.5418832390625 0.9947971796875
5 0.6949310625 0.8697322046875 0.712983703125 0.8579213937500001 0.7234821171875 0.8235826265625 0.7385988953125 0.8166509187500001 0.7385820546875 0.8072586562499999 0.7302917812499999 0.79894738125 0.7168448296875 0.8027791765625001 0.68239669375 0.7879148109375 0.6658498296875 0.7900767828124999 0.603254425 0.8200412734375 0.599216571875 0.8332484906250001 0.5863921359375001 0.8444914671875001 0.5871955421874999 0.8678438343750001 0.5844068906250001 0.8698796 0.598585728125 0.8778249359375 0.614472234375 0.8754610703125 0.617332409375 0.8850005421875 0.6260264671875 0.8919910968749999 0.6949310625 0.8697322046875
5 0.6644744234375 0.787490021875 0.671174721875 0.7584888249999999 0.679851940625 0.7560871171875 0.683338796875 0.74704395625 0.6787541140625 0.738421421875 0.663326078125 0.741647540625 0.6475152578125 0.72959283125 0.6362891234375 0.72616065625 0.6221986484375 0.7391828234375 0.6141776265625001 0.767780234375 0.60825121875 0.7753554625 0.56077259375 0.7983882453125 0.5721080953125 0.8061863703125001 0.59490946875 0.8095470203125 0.6018243359375 0.8152715359375 0.6360200578125 0.8026194765625 0.6644744234375 0.787490021875
5 0.6282554265625 0.7193719953125 0.6368442812499999 0.6960027875 0.64632906875 0.6909596359375 0.648146103125 0.6850163874999999 0.6422406984375 0.6759900671875 0.6298578906250001 0.678703034375 0.6074434609375 0.6646293984375 0.596272009375 0.6633802 0.4817226625 0.7121208890624999 0.46148704687500003 0.72398638125 0.4550643265625 0.73790864375 0.4559434203125 0.7468424375 0.46133567500000006 0.7528235296875 0.57893025 0.7035696890625001 0.5905601703125 0.705681140625 0.6113973015624999 0.7178283765625 0.6282554265625 0.7193719953125
5 0.6387411640625 0.649647153125 0.6607559703125 0.6390477 0.6585561546875 0.6297101203125 0.66569391875 0.618172725 0.6597548328125 0.5903618796875 0.6461101499999999 0.568860225 0.6296179671875 0.5732051734375 0.620759859375 0.55966569375 0.6004148765624999 0.5671652359375 0.4265340875 0.6540891640625001 0.4187359625 0.665424665625 0.4226392828125 0.6904468578125 0.43837441562499996 0.716920140625 0.45666262812499997 0.72323349375 0.598290934375 0.656776590625 0.615186903125 0.651110921875 0.6387411640625 0.649647153125
5 0.5987323765625 0.534879075 0.6014116640625 0.52847735625 0.59734013125 0.52290005 0.5825177734375 0.5241450859375 0.556599646875 0.5097223484375 0.539190528125 0.5123427890625 0.3985885234375 0.5848901515625 0.3938903109375 0.5978954765625 0.3961994921875 0.61159900625 0.41376849687500006 0.641521303125 0.42992841718749997 0.650072315625 0.58483963125 0.573234690625 0.5918343484374999 0.5385468203125 0.5987323765625 0.534879075
5 0.6529156515625 0.570218790625 0.7453408265625 0.5277116078125 0.7685669890625 0.5131499875000001 0.7762935890625 0.490239246875 0.7911916359375 0.4745756375 0.7907163265625 0.464321121875 0.7819675859374999 0.4551475921875 0.765016934375 0.45863028593750005 0.7376855609375 0.44883007499999994 0.6940050515625 0.46652528593750003 0.60001941875 0.516498334375 0.603190853125 0.5297433953125 0.5944757921875 0.539354390625 0.5890415328125 0.5665763984375001 0.5921961265625 0.5704291968749999 0.62116364375 0.5583449703125 0.6304255375000001 0.5705637296875 0.6436706 0.5673922953125 0.6529156515625 0.570218790625
5 0.6740848578125 0.456102559375 0.6884697515625 0.4373937203125 0.6830606578125 0.42202036718749997 0.664074240625 0.42271440781249997 0.6323769171875 0.4130235640625 0.57069845 0.4447125609375 0.5599476234375 0.45153490312500005 0.55849653125 0.463366715625 0.552919225 0.467438246875 0.5459791890625 0.5043090921875 0.5471527015625 0.5075562140625001 0.586113996875 0.5194678765625 0.6607809484375 0.4830848296875 0.6706148390625 0.47453798125 0.6740848578125 0.456102559375
5 0.55161534375 0.4764267234375 0.55053435625 0.468153290625 0.5584418484375 0.46118373906250004 0.558479690625 0.453974453125 0.5533440140625 0.4495159765625 0.5409612046875 0.45222894374999995 0.5115393828125 0.437457103125 0.484296371875 0.44862439375 0.3597280828125 0.515964553125 0.353873196875 0.5351150203125 0.35796156875 0.5500845875 0.372321296875 0.5739711109375001 0.384317159375 0.581971128125 0.3933056359375 0.5832750109375 0.5437962140625 0.5043637750000001 0.55161534375 0.4764267234375
5 0.5332050875000001 0.430361346875 0.5366582640625001 0.40253366249999994 0.5475016171875 0.39068500781250004 0.5462187390625 0.3830719359375 0.5402208078124999 0.379071928125 0.529415296875 0.38371129375 0.504670684375 0.372535678125 0.496451934375 0.37579963906249997 0.4895119 0.4126704859375 0.3586134171875 0.48890659531249997 0.36752620625 0.5046290515625 0.37565243125 0.5063914015625001 0.5032659500000001 0.438538090625 0.5238296640625 0.43977044843749996 0.5332050875000001 0.430361346875
5 0.49320481406249994 0.376973153125 0.502782128125 0.36690368906250004 0.5019577171875 0.3601528703125 0.49682203906250005 0.35569439375 0.4829713 0.3608469109375 0.4551267765625 0.3480014703125 0.439496846875 0.3518879515625 0.301241865625 0.4309295546875 0.2952776140625 0.445714071875 0.2993659859375 0.46068363906250004 0.316421840625 0.48756070781250005 0.329738425 0.4959645109375 0.340451409375 0.4963514546875 0.48905343125 0.41180823125000005 0.49320481406249994 0.376973153125
5 0.455097259375 0.303223134375 0.45269555156249996 0.2945459171875 0.463189803125 0.28620096093749997 0.462769178125 0.2781294203125 0.4563674609375 0.275450134375 0.44556195 0.2800895 0.43112653593749994 0.2706215515625 0.40984777812499995 0.267004325 0.392548025 0.273990715625 0.2638872 0.3523551203125 0.254015465625 0.3681112546875 0.2558114953125 0.37876955625000003 0.2742974375 0.410416359375 0.291172403125 0.4213522390625 0.29924394374999996 0.4209316140625 0.4464705609375 0.33380163125 0.455097259375 0.303223134375
5 0.4119213859375 0.262583690625 0.418234740625 0.24429547812500002 0.418146378125 0.223327978125 0.4285859453125 0.21280004687499998 0.428220003125 0.20691148125 0.42308432656250006 0.2024530046875 0.40969205468750003 0.20846777656249998 0.3928170890625 0.197531896875 0.3653006640625 0.197784309375 0.22680594843750002 0.28469556093750004 0.22199836875 0.29333493593750004 0.2230961953125 0.31100063125 0.2379690734375 0.3379323828125 0.25357799999999997 0.3506474515625 0.26342873125 0.3514928671875 0.376110525 0.28051863906249996 0.4119213859375 0.262583690625
5 0.369044096875 0.19026376250000002 0.37203880625 0.161573825 0.382920003125 0.1425158828125 0.37965604218750004 0.134297134375 0.3731996421875 0.129434871875 0.3448209625 0.1301457515625 0.329779871875 0.12265888750000001 0.3176536390625 0.12689446875 0.1845511765625 0.2197868109375 0.1776699890625 0.23284682031249998 0.18262061406250002 0.24735792031249998 0.20053872187500002 0.2737765203125 0.212993053125 0.2826387921875 0.22198152968749998 0.2839426734375 0.24267561249999997 0.272939434375 0.369044096875 0.19026376250000002
5 0.340185759375 0.09334643125 0.32281864531250004 0.0627637734375 0.311630353125 0.052122312500000004 0.3008626859375 0.049552390625 0.145101896875 0.162234559375 0.1398905328125 0.17219465625000002 0.142090346875 0.1815322359375 0.1595499875 0.20708858281250003 0.18053432656249999 0.21639248125 0.33513844375 0.10985545468749999 0.3412667453125 0.10161986406250001 0.340185759375 0.09334643125