9 0.48828125 0.43828125 0.7515625 0.34375
9 0.49375 0.20703125 0.6765625 0.3671875
9 0.53046875 0.31328125 0.625 0.2484375
9 0.49765625 0.79609375 0.2703125 0.4078125
9 0.6921875 0.73671875 0.2890625 0.390625
9 0.6171875 0.84765625 0.2109375 0.296875
9 0.78984375 0.86484375 0.2109375 0.2
10 0.52109375 0.97265625 0.0890625 0.0546875
10 0.7796875 0.85390625 0.1109375 0.1109375
10 0.14609375 0.46640625 0.0609375 0.071875
10 0.24765625 0.36640625 0.046875 0.059375
10 0.1921875 0.2171875 0.0609375 0.08125
8 0.5359375 0.353125 0.721875 0.675