9 0.43203125 0.43828125 0.59375 0.21875
9 0.56640625 0.21015625 0.64375 0.2703125
9 0.53671875 0.3484375 0.5421875 0.203125
9 0.42109375 0.79921875 0.1921875 0.4015625
9 0.625 0.778125 0.2546875 0.3609375
9 0.52109375 0.85078125 0.1703125 0.2984375
9 0.69765625 0.92890625 0.1828125 0.1421875
10 0.40859375 0.96875 0.09375 0.0578125
10 0.6828125 0.9109375 0.0890625 0.0921875
10 0.16640625 0.38359375 0.0515625 0.065625
10 0.2875 0.309375 0.0328125 0.0484375
10 0.27265625 0.1578125 0.040625 0.08125
8 0.56875 0.36328125 0.640625 0.571875