9 0.45078125 0.421875 0.278125 0.609375
9 0.203125 0.51484375 0.334375 0.6640625
9 0.34375 0.509375 0.2578125 0.55625
9 0.8 0.4734375 0.4 0.23125
9 0.75234375 0.67109375 0.3828125 0.2890625
9 0.8421875 0.58203125 0.315625 0.1984375
9 0.89296875 0.76953125 0.1671875 0.196875
10 0.971875 0.49140625 0.05625 0.0984375
10 0.8734375 0.7515625 0.1 0.096875
10 0.44296875 0.1515625 0.0703125 0.0578125
10 0.34921875 0.2578125 0.05 0.0375
10 0.20234375 0.21640625 0.084375 0.0484375
8 0.353125 0.54375 0.63125 0.6921875