9 0.4375 0.49609375 0.221875 0.7328125
9 0.21484375 0.43515625 0.2609375 0.6484375
9 0.32578125 0.425 0.1453125 0.6171875
9 0.79765625 0.57578125 0.4046875 0.20625
9 0.7765625 0.3703125 0.3609375 0.2328125
9 0.8640625 0.46953125 0.271875 0.1671875
9 0.91875 0.30703125 0.1625 0.1859375
10 0.9703125 0.59453125 0.05625 0.08125
10 0.91171875 0.3140625 0.096875 0.096875
10 0.38203125 0.83515625 0.0640625 0.05
10 0.309375 0.7125 0.0546875 0.0375
10 0.15078125 0.73046875 0.075 0.05
8 0.36640625 0.4296875 0.5796875 0.6375