3 0.771875 0.38046875 0.3359375 0.2796875
11 0.93359375 0.571875 0.1328125 0.15625
12 0.725 0.5859375 0.190625 0.1890625
12 0.84765625 0.521875 0.159375 0.1234375
15 0.63125 0.53984375 0.040625 0.0375
8 0.6546875 0.22421875 0.23125 0.1875
8 0.596875 0.34921875 0.14375 0.13125
8 0.4203125 0.4734375 0.5390625 0.7171875
8 0.8109375 0.27421875 0.3015625 0.2203125
8 0.93046875 0.45859375 0.1390625 0.1421875
8 0.70078125 0.4734375 0.1765625 0.1421875
8 0.62421875 0.66484375 0.2625 0.3171875
8 0.82734375 0.6390625 0.11875 0.1546875
8 0.8234375 0.65703125 0.1984375 0.2125