3 0.3390625 0.75 0.2359375 0.303125
11 0.503125 0.9421875 0.140625 0.115625
12 0.55 0.7359375 0.165625 0.1671875
12 0.4671875 0.846875 0.1015625 0.1453125
15 0.51875 0.6359375 0.0328125 0.0359375
8 0.203125 0.609375 0.15625 0.209375
8 0.3359375 0.571875 0.1125 0.128125
8 0.4859375 0.4171875 0.65625 0.4421875
8 0.228125 0.771875 0.1796875 0.2765625
8 0.390625 0.925 0.1234375 0.1328125
8 0.4421875 0.69375 0.11875 0.159375
8 0.64375 0.6484375 0.2859375 0.2203125
8 0.5859375 0.8453125 0.140625 0.0984375
8 0.6046875 0.84375 0.1875 0.171875