3 0.36171875 0.76328125 0.2609375 0.321875
11 0.540625 0.9375 0.15 0.125
12 0.5703125 0.73046875 0.1796875 0.18125
12 0.49765625 0.8484375 0.1140625 0.153125
15 0.53046875 0.63359375 0.0359375 0.0390625
8 0.2140625 0.63515625 0.1734375 0.221875
8 0.34296875 0.5859375 0.1234375 0.1375
8 0.47890625 0.41875 0.6921875 0.4984375
8 0.253125 0.79453125 0.203125 0.290625
8 0.428125 0.93046875 0.134375 0.1390625
8 0.459375 0.6984375 0.1328125 0.16875
8 0.65625 0.63515625 0.3046875 0.24375
8 0.615625 0.83671875 0.1484375 0.1109375
8 0.634375 0.83359375 0.2015625 0.1875