1 0.1984375 0.36875 0.121875 0.1609375
9 0.2734375 0.3109375 0.0734375 0.096875
9 0.16640625 0.27421875 0.046875 0.053125
9 0.62734375 0.55546875 0.21875 0.11875
9 0.5953125 0.6015625 0.203125 0.1109375
9 0.59921875 0.634375 0.1296875 0.075
9 0.6609375 0.45625 0.140625 0.1828125
9 0.72734375 0.3546875 0.128125 0.0859375
9 0.75703125 0.39609375 0.0765625 0.0828125
9 0.76328125 0.25390625 0.0734375 0.0921875
9 0.72578125 0.25859375 0.0484375 0.0671875
9 0.715625 0.3125 0.0578125 0.0578125
9 0.734375 0.44921875 0.0796875 0.08125
9 0.70234375 0.496875 0.078125 0.0765625
9 0.67734375 0.521875 0.0515625 0.0421875
10 0.68203125 0.35625 0.01875 0.028125
10 0.734375 0.30546875 0.021875 0.028125
10 0.7140625 0.3953125 0.034375 0.028125
10 0.53671875 0.55234375 0.0296875 0.0359375
10 0.5125 0.6 0.03125 0.0328125
10 0.24921875 0.41171875 0.0328125 0.03125
10 0.165625 0.26796875 0.0375 0.034375
10 0.1109375 0.43515625 0.0359375 0.034375
10 0.1578125 0.3125 0.0234375 0.025
10 0.24296875 0.34140625 0.0265625 0.0296875
8 0.59921875 0.440625 0.8015625 0.725
8 0.21171875 0.56953125 0.2515625 0.2640625
8 0.1796875 0.35546875 0.315625 0.3296875
8 0.18125 0.1140625 0.2375 0.16875