1 0.8203125 0.57109375 0.096875 0.146875
9 0.75859375 0.6421875 0.0578125 0.0890625
9 0.87109375 0.6578125 0.040625 0.0453125
9 0.36484375 0.46953125 0.2078125 0.08125
9 0.3875 0.41796875 0.19375 0.075
9 0.37734375 0.38671875 0.1234375 0.053125
9 0.35 0.57421875 0.1125 0.165625
9 0.3046875 0.6859375 0.11875 0.0640625
9 0.26796875 0.65078125 0.065625 0.071875
9 0.28828125 0.79140625 0.059375 0.0828125
9 0.325 0.7796875 0.0375 0.0609375
9 0.32421875 0.725 0.05 0.05
9 0.2796875 0.59453125 0.06875 0.0703125
9 0.30234375 0.5421875 0.0671875 0.065625
9 0.321875 0.5125 0.0453125 0.034375
10 0.3484375 0.67578125 0.0140625 0.0265625
10 0.30703125 0.7359375 0.0171875 0.025
10 0.31015625 0.64375 0.03125 0.021875
10 0.45390625 0.45546875 0.0234375 0.03125
10 0.46875 0.40390625 0.0265625 0.028125
10 0.76328125 0.5390625 0.028125 0.0265625
10 0.871875 0.6640625 0.0328125 0.028125
10 0.89375 0.48984375 0.03125 0.028125
10 0.87109375 0.61875 0.01875 0.021875
10 0.7828125 0.60625 0.021875 0.025
8 0.384375 0.5828125 0.76875 0.590625
8 0.76953125 0.3765625 0.2125 0.228125
8 0.8421875 0.58125 0.2671875 0.2859375
8 0.88671875 0.81796875 0.2171875 0.1296875