8 0.8515625 0.30625 0.29375 0.3140625
8 0.84140625 0.60078125 0.1640625 0.1359375
15 0.8828125 0.14140625 0.09375 0.0625
12 0.93125 0.69453125 0.1375 0.1171875
13 0.890625 0.79609375 0.1015625 0.0953125
8 0.83046875 0.74140625 0.1515625 0.146875
17 0.65625 0.37109375 0.1484375 0.184375
17 0.4421875 0.3140625 0.196875 0.2203125
17 0.315625 0.40625 0.184375 0.1515625
17 0.0921875 0.32109375 0.184375 0.2015625
9 0.4546875 0.4953125 0.203125 0.203125
12 0.87421875 0.61015625 0.0890625 0.078125
19 0.96328125 0.74140625 0.0671875 0.0578125
19 0.89609375 0.83203125 0.040625 0.028125
10 0.52265625 0.56484375 0.06875 0.0640625