12 0.17734375 0.153125 0.11875 0.1015625
8 0.26015625 0.43046875 0.3390625 0.3203125
9 0.2015625 0.25703125 0.128125 0.0875
9 0.54375 0.603125 0.2484375 0.146875
17 0.39609375 0.5421875 0.1578125 0.1953125
17 0.5546875 0.43359375 0.1453125 0.1859375
16 0.66953125 0.296875 0.1109375 0.103125
8 0.5390625 0.20859375 0.18125 0.1875
1 0.43046875 0.13046875 0.1140625 0.065625
17 0.69375 0.59765625 0.1921875 0.1515625
17 0.9015625 0.54140625 0.196875 0.2140625
16 0.1359375 0.2453125 0.0765625 0.075
10 0.45234375 0.58046875 0.0625 0.0640625
19 0.16796875 0.13515625 0.0859375 0.0859375