1 0.2296875 0.728125 0.1734375 0.146875
9 0.50234375 0.4203125 0.30625 0.2046875
9 0.06484375 0.4921875 0.0640625 0.0546875
12 0.0421875 0.55390625 0.084375 0.0828125
8 0.18203125 0.39140625 0.3640625 0.3203125
8 0.36875 0.7453125 0.20625 0.2515625
15 0.5609375 0.70625 0.11875 0.1125
17 0.47265625 0.5203125 0.1296875 0.1875
17 0.65703125 0.4765625 0.1703125 0.10625
17 0.82734375 0.65234375 0.190625 0.2078125
17 0.36796875 0.3453125 0.14375 0.2015625
10 0.384375 0.44453125 0.0609375 0.06875
19 0.034375 0.5671875 0.06875 0.071875