9 0.53359375 0.4875 0.5046875 0.284375
10 0.353125 0.5265625 0.0859375 0.1046875
9 0.10703125 0.3109375 0.1109375 0.0546875
8 0.103125 0.3046875 0.1328125 0.1734375
8 0.03984375 0.37734375 0.0546875 0.0890625
12 0.03515625 0.4609375 0.0703125 0.053125
12 0.07890625 0.5015625 0.040625 0.0734375
14 0.07578125 0.5265625 0.0234375 0.05625
8 0.03046875 0.421875 0.0609375 0.04375
8 0.02421875 0.20234375 0.0484375 0.1078125
11 0.11796875 0.42890625 0.059375 0.09375
11 0.17890625 0.42890625 0.0640625 0.1171875