8 0.3640625 0.8375 0.271875 0.3203125
8 0.26796875 0.53359375 0.3796875 0.6328125
9 0.53046875 0.48359375 0.2171875 0.215625
8 0.621875 0.8125 0.121875 0.1453125
12 0.709375 0.8859375 0.134375 0.134375
11 0.62734375 0.83828125 0.06875 0.0671875
13 0.796875 0.84609375 0.0765625 0.1046875
8 0.74609375 0.79296875 0.1484375 0.15625
15 0.7734375 0.66796875 0.046875 0.05
17 0.3859375 0.1671875 0.19375 0.178125
17 0.4546875 0.3515625 0.1328125 0.1671875
8 0.259375 0.575 0.246875 0.2359375
17 0.3765625 0.471875 0.1875 0.1734375
15 0.20703125 0.8328125 0.103125 0.09375
19 0.74453125 0.91796875 0.06875 0.0640625
16 0.75078125 0.70078125 0.06875 0.0578125
10 0.5921875 0.56171875 0.0625 0.06875