9 0.46328125 0.4234375 0.153125 0.2484375
9 0.29375 0.0875 0.0828125 0.1109375
8 0.42890625 0.1796875 0.2796875 0.3015625
17 0.33046875 0.409375 0.1625 0.1265625
17 0.41484375 0.54609375 0.11875 0.14375
15 0.1828125 0.49765625 0.1078125 0.1140625
8 0.1890625 0.36015625 0.103125 0.121875
8 0.89140625 0.17734375 0.15 0.18125
13 0.91328125 0.10546875 0.115625 0.075
12 0.8 0.11640625 0.0953125 0.1375
8 0.80546875 0.19609375 0.0765625 0.0953125
17 0.30390625 0.67890625 0.1703125 0.1546875
10 0.465625 0.3328125 0.0703125 0.0609375
17 0.47265625 0.321875 0.1671875 0.11875