8 0.8515625 0.40625 0.2953125 0.2390625
8 0.56171875 0.27421875 0.6015625 0.3109375
9 0.48046875 0.528125 0.19375 0.1953125
8 0.7953125 0.65859375 0.1328125 0.10625
12 0.8578125 0.7546875 0.1203125 0.1203125
11 0.8203125 0.66796875 0.0609375 0.0625
13 0.8078125 0.83671875 0.0984375 0.065625
8 0.7609375 0.7796875 0.140625 0.1328125
15 0.63359375 0.79140625 0.0453125 0.0421875
17 0.18359375 0.34609375 0.159375 0.1765625
17 0.35859375 0.43671875 0.1546875 0.115625
8 0.60390625 0.2703125 0.2109375 0.2234375
17 0.48671875 0.3734375 0.1546875 0.171875
15 0.865625 0.25 0.0828125 0.09375
19 0.88515625 0.79296875 0.0578125 0.0625
16 0.66875 0.7734375 0.0515625 0.0640625
10 0.55 0.59921875 0.0640625 0.05625