1 0.2875 0.7828125 0.171875 0.14375
9 0.48359375 0.421875 0.303125 0.2
9 0.07421875 0.590625 0.0625 0.0546875
12 0.059375 0.6578125 0.096875 0.08125
8 0.17265625 0.465625 0.3453125 0.315625
8 0.42734375 0.76875 0.203125 0.2484375
15 0.60625 0.68671875 0.1171875 0.1109375
17 0.47734375 0.52578125 0.1265625 0.1859375
17 0.64765625 0.4421875 0.16875 0.103125
17 0.853125 0.57421875 0.1875 0.20625
17 0.33671875 0.37890625 0.140625 0.1984375
10 0.37421875 0.47265625 0.059375 0.0671875
19 0.0609375 0.6703125 0.06875 0.0703125