8 0.85859375 0.66796875 0.2828125 0.3140625
8 0.83359375 0.37578125 0.1640625 0.1359375
15 0.90703125 0.83125 0.09375 0.0625
12 0.91875 0.27578125 0.1421875 0.1171875
13 0.86875 0.17734375 0.1015625 0.0953125
8 0.8125 0.2359375 0.1515625 0.146875
17 0.66484375 0.61796875 0.1484375 0.184375
17 0.4546875 0.6890625 0.196875 0.2203125
17 0.32265625 0.60625 0.184375 0.1515625
17 0.10078125 0.70625 0.19375 0.2015625
9 0.4546875 0.5078125 0.203125 0.203125
12 0.865625 0.3640625 0.0890625 0.078125
19 0.9453125 0.2265625 0.0671875 0.0578125
19 0.871875 0.14140625 0.040625 0.028125
10 0.51796875 0.43359375 0.06875 0.0640625