9 0.3234375 0.58125 0.20625 0.1578125
17 0.42109375 0.7296875 0.1203125 0.13125
8 0.41796875 0.8234375 0.2140625 0.103125
17 0.48203125 0.6171875 0.171875 0.0859375
17 0.4609375 0.58984375 0.125 0.0953125
17 0.434375 0.48984375 0.09375 0.1359375
13 0.05703125 0.8015625 0.078125 0.0953125
8 0.23828125 0.80625 0.1125 0.128125
12 0.14453125 0.828125 0.1328125 0.0828125
11 0.21015625 0.8328125 0.0640625 0.075
8 0.1328125 0.7609375 0.128125 0.1171875
17 0.51171875 0.3640625 0.1359375 0.115625
10 0.25390625 0.63828125 0.08125 0.0734375
19 0.02578125 0.80859375 0.034375 0.03125