9 0.415625 0.325 0.1546875 0.203125
17 0.26875 0.425 0.1296875 0.11875
8 0.175 0.4234375 0.1 0.2125
17 0.3828125 0.484375 0.0828125 0.1703125
17 0.409375 0.4625 0.09375 0.1234375
17 0.509375 0.434375 0.134375 0.0921875
13 0.190625 0.0625 0.09375 0.0765625
8 0.1890625 0.24375 0.1265625 0.1109375
12 0.165625 0.15 0.08125 0.13125
11 0.1625 0.215625 0.0734375 0.0625
8 0.2328125 0.1375 0.115625 0.1265625
17 0.6359375 0.509375 0.1140625 0.134375
10 0.3578125 0.25625 0.071875 0.0796875
19 0.1828125 0.03125 0.03125 0.034375