1 0.43515625 0.65234375 0.1140625 0.1703125
9 0.6984375 0.725 0.078125 0.1375
9 0.75625 0.18203125 0.1796875 0.2890625
8 0.3875 0.51015625 0.2859375 0.275
15 0.41171875 0.26171875 0.1390625 0.1390625
17 0.61171875 0.3140625 0.215625 0.184375
17 0.65703125 0.084375 0.1578125 0.16875
8 0.78359375 0.5796875 0.2625 0.3328125
17 0.77734375 0.38125 0.184375 0.1703125
12 0.6328125 0.8015625 0.1046875 0.1296875
10 0.803125 0.2734375 0.0859375 0.08125
11 0.72890625 0.80078125 0.0953125 0.0796875
19 0.62421875 0.809375 0.075 0.1015625
19 0.28984375 0.9546875 0.0421875 0.0578125