9 0.55234375 0.43359375 0.25 0.1609375
9 0.78046875 0.13359375 0.1125 0.0859375
8 0.75703125 0.29609375 0.3078125 0.2875
17 0.50703125 0.30859375 0.13125 0.1640625
17 0.421875 0.44375 0.1453125 0.121875
15 0.3625 0.2140625 0.1171875 0.1109375
8 0.4890625 0.159375 0.1234375 0.10625
8 0.93515625 0.709375 0.1296875 0.153125
12 0.953125 0.60078125 0.09375 0.0984375
8 0.90703125 0.64140625 0.096875 0.0796875
17 0.253125 0.40234375 0.1578125 0.1734375
10 0.63515625 0.3953125 0.0625 0.071875
17 0.6484375 0.396875 0.1234375 0.16875