1 0.63046875 0.39765625 0.1640625 0.1015625
9 0.76875 0.63359375 0.134375 0.0671875
9 0.259375 0.8296875 0.28125 0.1578125
8 0.48046875 0.3890625 0.25625 0.26875
15 0.246875 0.4765625 0.1296875 0.1296875
17 0.34921875 0.65625 0.16875 0.2046875
17 0.11875 0.765625 0.2046875 0.1421875
8 0.65078125 0.753125 0.3171875 0.2390625
17 0.45703125 0.7984375 0.159375 0.1734375
12 0.82578125 0.55 0.125 0.0953125
10 0.359375 0.85078125 0.075 0.08125
11 0.85 0.64375 0.0734375 0.090625
19 0.83125 0.53984375 0.096875 0.0671875
19 0.884375 0.1796875 0.05625 0.0375