1 0.35546875 0.7796875 0.2921875 0.1921875
1 0.3703125 0.6828125 0.28125 0.1921875
1 0.41171875 0.490625 0.2390625 0.1296875
1 0.39375 0.5703125 0.190625 0.0734375
1 0.43046875 0.4140625 0.2265625 0.13125
1 0.43984375 0.35078125 0.2125 0.11875
1 0.45078125 0.271875 0.2015625 0.1171875
1 0.45546875 0.2078125 0.2 0.1125
1 0.48125 0.15 0.1984375 0.0828125
1 0.70703125 0.82890625 0.2421875 0.1375
1 0.77265625 0.71484375 0.2765625 0.1515625
1 0.7734375 0.6078125 0.2765625 0.1265625
1 0.77578125 0.51328125 0.2671875 0.109375
1 0.77265625 0.4359375 0.2375 0.1109375
1 0.77421875 0.3671875 0.2421875 0.11875
1 0.77578125 0.28984375 0.2203125 0.1265625
1 0.78671875 0.2296875 0.18125 0.09375
1 0.79453125 0.18828125 0.1765625 0.0796875