12 0.1171875 0.22109375 0.1078125 0.0859375
8 0.25078125 0.478125 0.3 0.278125
9 0.1609375 0.31875 0.11875 0.0703125
9 0.5625 0.59296875 0.234375 0.1125
17 0.40546875 0.5609375 0.1328125 0.1765625
17 0.540625 0.42421875 0.1203125 0.1703125
16 0.62734375 0.26796875 0.0984375 0.0890625
8 0.48203125 0.20625 0.1578125 0.165625
1 0.3609375 0.15078125 0.109375 0.0484375
17 0.70859375 0.55859375 0.175 0.1265625
17 0.9078125 0.46328125 0.184375 0.1890625
16 0.09375 0.31953125 0.06875 0.065625
10 0.46875 0.58828125 0.0546875 0.0578125
19 0.10390625 0.20546875 0.075 0.0765625