1 0.409375 0.3609375 0.0875 0.1578125
9 0.65625 0.24375 0.05625 0.1296875
9 0.8078125 0.76875 0.134375 0.2703125
8 0.3875 0.509375 0.2484375 0.2359375
15 0.4546875 0.75 0.1203125 0.1203125
17 0.6421875 0.6640625 0.1921875 0.153125
17 0.73125 0.903125 0.1265625 0.19375
8 0.765625 0.371875 0.2140625 0.3
17 0.79375 0.56875 0.1609375 0.1453125
12 0.578125 0.1796875 0.0859375 0.1171875
10 0.8375 0.6703125 0.075 0.06875
11 0.6734375 0.1640625 0.0859375 0.065625
19 0.56875 0.1734375 0.059375 0.0921875
19 0.2140625 0.0890625 0.0328125 0.053125