1 0.77734375 0.35078125 0.196875 0.29375
1 0.68046875 0.3671875 0.196875 0.284375
1 0.4890625 0.41171875 0.134375 0.240625
1 0.56875 0.3921875 0.0765625 0.190625
1 0.41328125 0.43203125 0.1359375 0.228125
1 0.35 0.4421875 0.121875 0.2140625
1 0.27109375 0.4546875 0.1203125 0.2015625
1 0.20703125 0.4609375 0.115625 0.2015625
1 0.14921875 0.4875 0.0859375 0.1984375
1 0.8328125 0.70078125 0.1421875 0.2421875
1 0.71953125 0.76875 0.15625 0.278125
1 0.6125 0.77109375 0.13125 0.278125
1 0.51796875 0.775 0.1140625 0.2671875
1 0.440625 0.7734375 0.1140625 0.2390625
1 0.371875 0.7765625 0.121875 0.24375
1 0.29453125 0.7796875 0.1296875 0.221875
1 0.23515625 0.79140625 0.096875 0.18125
1 0.19375 0.8 0.0828125 0.1765625