9 0.31484375 0.559375 0.2234375 0.18125
17 0.39375 0.71875 0.1359375 0.1453125
8 0.37890625 0.8109375 0.225 0.128125
17 0.46796875 0.6140625 0.1796875 0.10625
17 0.45 0.584375 0.1359375 0.109375
17 0.4359375 0.48125 0.109375 0.1453125
13 0.03359375 0.7453125 0.0671875 0.103125
8 0.203125 0.771875 0.128125 0.140625
12 0.10703125 0.78203125 0.140625 0.0984375
11 0.17109375 0.79453125 0.071875 0.08125
8 0.10390625 0.7140625 0.1421875 0.1328125
17 0.528125 0.36640625 0.1484375 0.13125
10 0.2390625 0.60703125 0.0890625 0.0828125
19 0.00546875 0.74921875 0.0109375 0.0359375